79287, -738, 129, -40
79288, 578, 259, 60
79290, 792, 380, 58
79291, 873, 435, 56
79292, 923, 455, 53
79294, 940, 466, 52
79295, 943, 470, 53
79296, 950, 467, 57
79298, 946, 470, 55
79299, 955, 472, 53
79300, 952, 470, 56
79301, 948, 470, 50
79303, 952, 468, 51
79304, 946, 471, 51
79305, 953, 471, 53
79307, 955, 470, 56
79308, 949, 471, 53
79309, 954, 471, 57
79311, 970, 457, 67
79312, 966, 452, 70
79313, 1003, 472, 46
79315, 963, 445, 32
79316, 871, 395, 33
79317, 802, 366, 41
79319, 800, 390, 60
79320, 915, 486, 87
79321, 1133, 643, 106
79322, 1358, 775, 107
79324, 1434, 782, 83
79325, 1259, 609, 38
79326, 876, 297, -21
79328, 448, -16, -58
79329, 203, -158, -55
79330, 287, -12, -3
79332, 697, 390, 82
79333, 1275, 884, 158
79334, 1748, 1241, 199
79336, 1894, 1280, 178
79337, 1636, 965, 107
79338, 1067, 410, 5
79339, 432, -163, -79
79341, 161, -310, -85
79342, 281, -39, -13
79343, 344, 100, 32
79345, 365, 151, 45
79346, 368, 165, 52
79347, 356, 169, 52
79349, 342, 164, 52
79350, 323, 157, 52
79351, 302, 150, 51
79353, 280, 140, 44
79354, 250, 131, 44
79355, 217, 121, 42
79357, 188, 111, 42
79358, 150, 100, 40
79359, 109, 89, 34
79360, 72, 85, 33
79362, 33, 77, 33
79363, 5, 69, 34
79364, -26, 59, 30
79366, -55, 52, 24
79367, -67, 46, 24
79368, -73, 38, 24
79370, -73, 33, 23
79371, -70, 31, 17
79372, -53, 29, 8
79374, -20, 36, 4
79375, 17, 46, -1
79376, 55, 53, -4
79378, 85, 63, -11
79379, 108, 70, -18
79380, 133, 79, -21
79382, 153, 83, -17
79383, 169, 85, -13
79384, 184, 88, -14
79385, 193, 86, -12
79387, 197, 86, -11
79388, 194, 86, -9
79389, 190, 79, -1
79391, 184, 78, -3
79392, 177, 74, -4
79393, 169, 74, -5
79395, 157, 75, 0
79396, 142, 73, 4
79397, 126, 71, 4
79399, 107, 69, 0
79400, 91, 66, -2
79401, 73, 66, -6
79403, 57, 66, -5
79404, 42, 71, -5
79405, 28, 72, -7
79406, 25, 73, -7
79408, 19, 76, -10
79409, 19, 75, -8
79410, 27, 74, -9
79412, 33, 73, -7
79413, 38, 77, -10
79414, 43, 77, -7
79416, 56, 77, 1
79417, 68, 77, 3
79418, 75, 74, 0
79420, 87, 74, -1
79421, 92, 75, 4
79422, 101, 73, 5
79424, 114, 71, 2
79425, 120, 74, -1
79426, 128, 73, 0
79427, 133, 70, -2
79429, 138, 68, -2
79430, 144, 71, -7
79431, 148, 74, -9
79433, 153, 73, -8
79434, 153, 71, -5
79435, 153, 69, 1
79437, 149, 72, 0
79438, 139, 75, -2
79439, 128, 74, -4
79441, 112, 75, -5
79442, 100, 73, -2
79443, 88, 76, 2
79445, 76, 75, 0
79446, 62, 73, -3
79447, 43, 77, -5
79448, 36, 74, -4
79450, 35, 74, -4
79451, 33, 70, -5
79452, 31, 72, -6
79454, 28, 74, -4
79455, 34, 71, 2
79456, 39, 74, 2
79458, 45, 74, 0
79459, 59, 74, -5
79460, 71, 72, -5
79462, 81, 71, -3
79463, 91, 72, -8
79464, 100, 74, -9
79466, 111, 74, -10
79467, 119, 72, -7
79468, 130, 73, -9
79469, 136, 76, -11
79471, 137, 76, -11
79472, 141, 75, -10
79473, 144, 76, -10
79475, 148, 76, -7
79476, 151, 73, -4
79477, 147, 72, -5
79479, 146, 75, -4
79480, 136, 77, -1
79481, 125, 74, -2
79483, 118, 73, -6
79484, 107, 73, -3
79485, 97, 75, -6
79487, 83, 76, 1
79488, 73, 74, 6
79489, 66, 73, 0
79491, 56, 74, -3
79492, 51, 74, -8
79493, 41, 75, -5
79494, 40, 73, -8
79496, 44, 77, -8
79497, 47, 74, -9
79498, 54, 74, -10
79500, 57, 76, -6
79501, 65, 72, 0
79502, 74, 71, 0
79504, 79, 73, -4
79505, 84, 76, -5
79506, 89, 77, -2
79508, 93, 72, -2
79509, 103, 72, -3
79510, 110, 73, -5
79512, 117, 71, -6
79513, 121, 72, -3
79514, 124, 72, -3
79515, 132, 75, -7
79517, 132, 73, -8
79518, 132, 73, -6
79519, 125, 72, -5
79521, 121, 71, -4
79522, 120, 74, -5
79523, 117, 75, -7
79525, 114, 74, -3
79526, 103, 73, -2
79527, 90, 73, 0
79529, 84, 75, 2
79530, 73, 75, -1
79531, 65, 73, -3
79533, 57, 73, -3
79534, 55, 72, -1
79535, 56, 72, -5
79536, 57, 71, -8
79538, 60, 74, -7
79539, 62, 77, -5
79540, 66, 74, -3
79542, 74, 73, -4
79543, 82, 76, -9
79544, 90, 76, -7
79546, 97, 75, -2
79547, 102, 71, 0
79548, 108, 74, 0
79550, 113, 76, 1
79551, 120, 75, -4
79552, 122, 74, -7
79554, 124, 71, -4
79555, 128, 69, -5
79556, 129, 69, -2
79557, 132, 71, -3
79559, 133, 73, 1
79560, 130, 73, 2
79561, 126, 74, -1
79563, 119, 74, -4
79564, 112, 79, -5
79565, 102, 79, -4
79567, 91, 77, -3
79568, 88, 80, -5
79569, 81, 76, -3
79571, 73, 74, -5
79572, 66, 76, -3
79573, 57, 76, -3
79575, 57, 74, -3
79576, 56, 72, -6
79577, 56, 73, -7
79578, 54, 75, -7
79580, 58, 71, -4
79581, 67, 72, -3
79582, 69, 72, -3
79584, 79, 74, -5
79585, 86, 73, -3
79586, 90, 73, 0
79588, 100, 71, -5
79589, 106, 72, -9
79590, 113, 71, -7
79592, 118, 72, -6
79593, 120, 73, -3
79594, 126, 73, -5
79596, 126, 75, -8
79597, 125, 79, -6
79598, 123, 75, 0
79599, 122, 72, 2
79601, 126, 75, -1
79602, 123, 75, -3
79603, 121, 75, -2
79605, 120, 75, -1
79606, 116, 71, -1
79607, 105, 72, -5
79609, 99, 71, -9
79610, 97, 70, -8
79611, 84, 72, -7
79613, 75, 71, -3
79614, 67, 72, 1
79615, 58, 72, 1
79617, 55, 74, 1
79618, 54, 74, 1
79619, 57, 76, 5
79621, 61, 76, 1
79622, 64, 74, -5
79623, 67, 73, -7
79624, 69, 76, -5
79626, 75, 73, -8
79627, 86, 74, -9
79628, 89, 76, -8
79630, 95, 73, -5
79631, 98, 72, -10
79632, 105, 73, -5
79634, 116, 75, -5
79635, 121, 74, -6
79636, 129, 73, -3
79638, 126, 76, 0
79639, 124, 75, -1
79640, 126, 75, -5
79642, 123, 72, -7
79643, 126, 73, -9
79644, 121, 73, -6
79645, 115, 72, -6
79647, 117, 74, -7
79648, 110, 74, -3
79649, 105, 72, -2
79651, 98, 72, 0
79652, 89, 73, 0
79653, 82, 74, -5
79655, 73, 74, -7
79656, 67, 76, -3
79657, 62, 77, 0
79659, 57, 74, 1
79660, 58, 73, -2
79661, 60, 72, -6
79663, 61, 70, -10
79664, 62, 71, -7
79665, 65, 72, -2
79666, 71, 71, -1
79668, 75, 71, -5
79669, 84, 73, -7
79670, 88, 73, -5
79672, 91, 73, -6
79673, 100, 72, -6
79674, 108, 72, -4
79676, 115, 71, -5
79677, 116, 73, -7
79678, 121, 72, -7
79680, 125, 70, -7
79681, 124, 71, -9
79682, 125, 74, -9
79684, 125, 79, -4
79685, 124, 77, -2
79686, 125, 75, -3
79687, 119, 76, -6
79689, 116, 74, -9
79690, 111, 73, -6
79691, 106, 70, -2
79693, 103, 72, -4
79694, 95, 69, -7
79695, 89, 71, -6
79697, 85, 70, -5
79698, 81, 68, -5
79699, 71, 72, -7
79701, 66, 73, -8
79702, 67, 70, -8
79703, 65, 73, -6
79705, 61, 72, -4
79706, 64, 73, 2
79707, 66, 72, 1
79708, 70, 71, -1
79710, 76, 71, -4
79711, 78, 69, -1
79712, 84, 70, 1
79714, 85, 74, -1
79715, 93, 77, -5
79716, 98, 75, -3
79718, 104, 72, -2
79719, 110, 73, 4
79720, 110, 75, -2
79722, 114, 74, -7
79723, 114, 72, 0
79724, 116, 70, 0
79726, 123, 71, -5
79727, 121, 73, -9
79728, 118, 77, -8
79730, 114, 73, -6
79731, 108, 71, -3
79732, 105, 71, -5
79733, 100, 71, -6
79735, 96, 73, -10
79736, 89, 71, -8
79737, 86, 69, -3
79739, 85, 70, -4
79740, 79, 69, -6
79741, 74, 71, -7
79743, 76, 72, -4
79744, 76, 70, -4
79745, 72, 72, -5
79747, 67, 74, -8
79748, 69, 77, -9
79749, 70, 77, -8
79751, 73, 77, -5
79752, 81, 74, -4
79753, 84, 72, -7
79754, 91, 72, -7
79756, 95, 75, 0
79757, 97, 75, 5
79758, 103, 75, -4
79760, 107, 76, -3
79761, 112, 78, -5
79762, 112, 76, -4
79764, 111, 71, 1
79765, 116, 70, -3
79766, 114, 71, -6
79768, 114, 73, -4
79769, 113, 72, -5
79770, 113, 72, 0
79772, 110, 74, -4
79773, 104, 72, -5
79774, 105, 74, -4
79775, 101, 73, -2
79777, 96, 72, -1
79778, 94, 73, -5
79779, 86, 73, -3
79781, 83, 72, -2
79782, 76, 73, -5
79783, 73, 74, -3
79785, 74, 73, -4
79786, 73, 74, -5
79787, 75, 74, -6
79789, 72, 74, -5
79790, 72, 72, -6
79791, 75, 73, -4
79793, 76, 72, -4
79794, 81, 74, -7
79795, 82, 76, -4
79796, 84, 74, -3
79798, 92, 77, -3
79799, 97, 76, -3
79800, 105, 75, -2
79802, 109, 75, -4
79803, 109, 72, -5
79804, 109, 72, -2
79806, 105, 72, -3
79807, 106, 75, -3
79808, 108, 76, -4
79810, 109, 74, -3
79811, 110, 74, -5
79812, 107, 72, -4
79814, 107, 71, -4
79815, 103, 72, 0
79816, 101, 72, 1
79817, 102, 73, -1
79819, 97, 70, -2
79820, 94, 72, -2
79821, 87, 71, -2
79823, 80, 70, -4
79824, 75, 72, -3
79825, 74, 72, -6
79827, 76, 71, -4
79828, 73, 69, -4
79829, 72, 71, -1
79831, 73, 72, -3
79832, 72, 73, -3
79833, 74, 76, -4
79835, 76, 78, -1
79836, 79, 76, 3
79837, 88, 76, -1
79839, 91, 73, -7
79840, 91, 72, -6
79841, 92, 70, -3
79842, 99, 69, 0
79844, 109, 68, -4
79845, 114, 68, -6
79846, 115, 72, -6
79848, 115, 72, -1
79849, 115, 73, -2
79850, 119, 76, -4
79852, 116, 75, -6
79853, 117, 74, -6
79854, 111, 75, -4
79856, 102, 73, -2
79857, 100, 73, 0
79858, 99, 73, 0
79860, 98, 72, 1
79861, 94, 72, 3
79862, 91, 71, 0
79863, 89, 71, -5
79865, 78, 71, -6
79866, 78, 73, -5
79867, 74, 72, -6
79869, 73, 72, -4
79870, 73, 71, -5
79871, 70, 71, -6
79873, 69, 75, -5
79874, 67, 74, -3
79875, 73, 72, -2
79877, 82, 72, -4
79878, 83, 72, -6
79879, 87, 76, -6
79881, 86, 76, -4
79882, 89, 75, -2
79883, 98, 73, 1
79884, 99, 72, -3
79886, 105, 72, -4
79887, 110, 73, -5
79888, 109, 74, -3
79890, 113, 71, -3
79891, 115, 70, -1
79892, 118, 73, -3
79894, 117, 75, -3
79895, 115, 75, -4
79896, 113, 74, -5
79898, 107, 73, -7
79899, 105, 74, -8
79900, 101, 74, -6
79902, 98, 73, -2
79903, 98, 72, -2
79904, 90, 75, -3
79905, 87, 72, -1
79907, 83, 73, 0
79908, 83, 75, -3
79909, 83, 75, -3
79911, 77, 77, -5
79912, 75, 78, -8
79913, 71, 72, -2
79915, 72, 69, -4
79916, 79, 70, -2
79917, 81, 72, -5
79919, 82, 71, -6
79920, 82, 73, -6
79921, 86, 72, -2
79923, 91, 71, -4
79924, 95, 71, -4
79925, 98, 73, -2
79926, 99, 70, 4
79928, 99, 70, 2
79929, 100, 76, -2
79930, 102, 77, -5
79932, 106, 75, -8
79933, 108, 73, -5
79934, 111, 69, -1
79936, 114, 71, 0
79937, 110, 70, -4
79938, 109, 70, -7
79940, 102, 73, -5
79941, 100, 73, -1
79942, 104, 76, 2
79944, 96, 74, -4
79945, 92, 76, -6
79946, 88, 76, -5
79948, 84, 74, -3
79949, 84, 73, -4
79950, 81, 73, -7
79951, 81, 75, -4
79953, 78, 73, 0
79954, 78, 73, 1
79955, 78, 74, -5
79957, 75, 71, -9
79958, 79, 74, -9
79959, 81, 73, -8
79961, 81, 72, -6
79962, 86, 71, -5
79963, 90, 70, -3
79965, 91, 71, -7
79966, 93, 70, -5
79967, 95, 70, 0
79969, 104, 71, 3
79970, 105, 71, 2
79971, 109, 75, 0
79972, 107, 73, 0
79974, 111, 69, 1
79975, 113, 71, -6
79976, 109, 74, -10
79978, 109, 75, -9
79979, 101, 75, -8
79980, 102, 74, -6
79982, 103, 73, -5
79983, 99, 72, -6
79984, 98, 71, -9
79986, 96, 71, -7
79987, 92, 70, -3
79988, 88, 71, -5
79990, 83, 71, -4
79991, 81, 71, -3
79992, 79, 72, -6
79993, 75, 72, -5
79995, 82, 72, -7
79996, 79, 73, -7
79997, 79, 71, -1
79999, 77, 72, 0
80000, 80, 71, 2
80001, 84, 71, -4
80003, 87, 69, -5
80004, 95, 74, -9
80005, 92, 75, -6
80007, 91, 75, -2
80008, 97, 75, -6
80009, 100, 70, -9
80011, 104, 74, -6
80012, 105, 74, -4
80013, 109, 74, -1
80014, 110, 76, -6
80016, 108, 75, -6
80017, 110, 74, -7
80018, 110, 74, -6
80020, 109, 72, -3
80021, 109, 71, -2
80022, 106, 73, -3
80024, 108, 73, -4
80025, 103, 73, -5
80026, 99, 73, -3
80028, 100, 71, -6
80029, 97, 69, -5
80030, 91, 72, -4
80032, 83, 74, 1
80033, 81, 74, -3
80034, 80, 71, -6
80035, 78, 73, -5
80037, 79, 74, -6
80038, 76, 72, -3
80039, 75, 72, -5
80041, 83, 72, -4
80042, 83, 74, -7
80043, 84, 74, -7
80045, 85, 73, -3
80046, 87, 74, -1
80047, 94, 77, -3
80049, 95, 75, -6
80050, 95, 75, -5
80051, 100, 74, -4
80053, 107, 72, -4
80054, 110, 74, -7
80055, 106, 72, -5
80057, 108, 74, -3
80058, 106, 75, -1
80059, 106, 74, 1
80060, 108, 75, -5
80062, 108, 74, -10
80063, 107, 77, -9
80064, 98, 76, -5
80066, 97, 71, -3
80067, 96, 71, -4
80068, 91, 71, -5
80070, 91, 75, -6
80071, 86, 77, -5
80072, 84, 75, -1
80074, 86, 75, 3
80075, 84, 73, -4
80076, 81, 73, -7
80078, 76, 73, -4
80079, 78, 72, -1
80080, 78, 74, -4
80081, 80, 71, -3
80083, 81, 70, -7
80084, 82, 73, 0
80085, 86, 73, -2
80087, 88, 73, -4
80088, 87, 70, -6
80089, 90, 72, -9
80091, 92, 71, -7
80092, 95, 71, -4
80093, 99, 71, -7
80095, 102, 72, -9
80096, 104, 74, -7
80097, 104, 74, -6
80099, 108, 71, 1
80100, 110, 72, -5
80101, 111, 71, -7
80102, 112, 72, -5
80104, 106, 76, -1
80105, 105, 72, -4
80106, 102, 69, -8
80108, 102, 69, -5
80109, 96, 75, -2
80110, 96, 73, 2
80112, 96, 70, 2
80113, 91, 71, 0
80114, 86, 70, -6
80116, 85, 72, -7
80117, 81, 73, -4
80118, 81, 71, -4
80120, 82, 71, -5
80121, 79, 74, -5
80122, 78, 78, -8
80123, 76, 76, -6
80125, 78, 69, -4
80126, 82, 72, -4
80127, 83, 74, -6
80129, 83, 74, -4
80130, 86, 72, -6
80131, 91, 68, -4
80133, 95, 68, -1
80134, 98, 66, -4
80135, 104, 68, -8
80137, 99, 69, -8
80138, 100, 69, -9
80139, 103, 69, -8
80141, 104, 71, -10
80142, 106, 74, -10
80143, 106, 73, -3
80144, 107, 72, -3
80146, 105, 72, -4
80147, 100, 71, -7
80148, 98, 73, -5
80150, 97, 73, -5
80151, 94, 76, -5
80152, 93, 79, -6
80154, 91, 75, -4
80155, 90, 76, -6
80156, 85, 75, -3
80158, 82, 73, -1
80159, 84, 75, -5
80160, 84, 73, -9
80162, 84, 72, -9
80163, 82, 75, -7
80164, 82, 72, -4
80165, 84, 71, -4
80167, 83, 70, -9
80168, 85, 73, -8
80169, 85, 77, -4
80171, 87, 73, 1
80172, 91, 73, -4
80173, 92, 72, -6
80175, 96, 73, -6
80176, 97, 72, -5
80177, 100, 72, -7
80179, 103, 73, -8
80180, 103, 74, -7
80181, 106, 74, -3
80183, 105, 75, -1
80184, 107, 72, -4
80185, 109, 75, -5
80187, 106, 71, -4
80188, 105, 72, -2
80189, 104, 73, -4
80190, 104, 72, -4
80192, 107, 71, -7
80193, 105, 69, -5
80194, 99, 72, -3
80196, 94, 73, -1
80197, 91, 70, -6
80198, 91, 72, -7
80200, 86, 71, -5
80201, 87, 74, -6
80202, 87, 75, -2
80204, 86, 73, -1
80205, 87, 76, -2
80206, 86, 74, -5
80208, 87, 74, -7
80209, 86, 76, -5
80210, 87, 76, -3
80211, 90, 77, -6
80213, 88, 73, -9
80214, 92, 74, -7
80215, 94, 76, -6
80217, 95, 76, -3
80218, 98, 75, -4
80219, 99, 74, -6
80221, 105, 75, -4
80222, 102, 73, -4
80223, 101, 70, 2
80225, 105, 72, 0
80226, 108, 73, -9
80227, 108, 72, -9
80229, 105, 72, -7
80230, 102, 71, -5
80231, 100, 73, -11
80232, 97, 73, -10
80234, 96, 74, -9
80235, 94, 74, -5
80236, 91, 75, 1
80238, 90, 75, -5
80239, 91, 75, -6
80240, 89, 76, -4
80242, 83, 75, -6
80243, 83, 71, -4
80244, 83, 70, -3
80246, 80, 71, -4
80247, 82, 72, -8
80248, 84, 73, -3
80250, 85, 70, -1
80251, 88, 73, -4
80252, 89, 72, -5
80253, 88, 73, 0
80255, 88, 73, 0
80256, 90, 72, 0
80257, 91, 75, 1
80259, 93, 75, -3
80260, 95, 76, -7
80261, 98, 74, -1
80263, 100, 72, 0
80264, 101, 73, -1
80265, 99, 70, -4
80267, 102, 72, -4
80268, 101, 75, -1
80269, 103, 73, -2
80271, 105, 73, -4
80272, 101, 74, -2
80273, 100, 74, -3
80274, 98, 72, -4
80276, 97, 68, -3
80277, 98, 70, -6
80278, 97, 73, -10
80280, 96, 75, -8
80281, 94, 74, -5
80282, 92, 70, -2
80284, 92, 73, -6
80285, 89, 73, -6
80286, 89, 76, -5
80288, 84, 76, -8
80289, 86, 74, -6
80290, 88, 72, -6
80292, 91, 70, -8
80293, 90, 72, -6
80294, 89, 73, -3
80296, 89, 70, -2
80297, 93, 75, -3
80298, 95, 73, -4
80299, 99, 75, -1
80301, 97, 77, 1
80302, 97, 75, 0
80303, 102, 73, -3
80305, 103, 74, -5
80306, 100, 76, -9
80307, 98, 76, -7
80309, 98, 73, -6
80310, 100, 74, -10
80311, 99, 73, -12
80313, 100, 73, -7
80314, 94, 73, -3
80315, 93, 73, -4
80317, 95, 75, -6
80318, 95, 74, -9
80319, 92, 72, -8
80320, 88, 72, -6
80322, 88, 71, -2
80323, 89, 71, -2
80324, 86, 70, -5
80326, 86, 71, -6
80327, 86, 74, -4
80328, 84, 72, -4
80330, 83, 72, -7
80331, 81, 72, -7
80332, 85, 72, -7
80334, 88, 70, -5
80335, 92, 72, -4
80336, 94, 71, -7
80338, 91, 70, -7
80339, 94, 71, -7
80340, 94, 73, -2
80341, 98, 72, 2
80343, 103, 74, -5
80344, 103, 75, -10
80345, 101, 75, -9
80347, 98, 71, -4
80348, 98, 68, -5
80349, 101, 70, -5
80351, 100, 75, -2
80352, 99, 73, -3
80353, 97, 75, -5
80355, 92, 73, -3
80356, 94, 73, -7
80357, 92, 74, -10
80359, 93, 73, -11
80360, 93, 74, -7
80361, 94, 73, -1
80362, 92, 74, -2
80364, 89, 72, -2
80365, 92, 76, -3
80366, 87, 79, -3
80368, 89, 74, 1
80369, 88, 75, -2
80370, 88, 74, -7
80372, 90, 74, -10
80373, 87, 73, -8
80374, 86, 73, -8
80376, 85, 74, -8
80377, 86, 72, -9
80378, 89, 75, -7
80380, 85, 76, -5
80381, 84, 72, -7
80382, 88, 72, -6
80383, 91, 71, -9
80385, 96, 69, -8
80386, 96, 70, -7
80387, 95, 71, -4
80389, 97, 70, -5
80390, 95, 69, -8
80391, 99, 69, -8
80393, 101, 72, -7
80394, 104, 71, -5
80395, 102, 71, -2
80397, 100, 67, -6
80398, 99, 72, -4
80399, 98, 75, -3
80401, 97, 73, -5
80402, 98, 73, -9
80403, 95, 73, -8
80405, 94, 71, -8
80406, 92, 73, -7
80407, 92, 74, -9
80408, 98, 72, -8
80410, 96, 73, -7
80411, 94, 73, -4
80412, 91, 71, -3
80414, 89, 71, 1
80415, 91, 73, -3
80416, 89, 71, -8
80418, 92, 70, -10
80419, 92, 70, -8
80420, 89, 69, -8
80422, 87, 70, -8
80423, 90, 69, -5
80424, 94, 72, -8
80426, 96, 74, -9
80427, 97, 73, -5
80428, 96, 73, -3
80429, 94, 71, -4
80431, 90, 71, -5
80432, 94, 70, -8
80433, 97, 70, -7
80435, 103, 71, -6
80436, 104, 70, -9
80437, 104, 73, -11
80439, 101, 74, -10
80440, 98, 70, -7
80441, 97, 69, -4
80443, 97, 70, -7
80444, 99, 71, -8
80445, 96, 72, -5
80447, 96, 72, -3
80448, 95, 72, -3
80449, 93, 72, -1
80450, 94, 72, -2
80452, 91, 71, -2
80453, 87, 69, 0
80454, 87, 68, -4
80456, 85, 72, -3
80457, 83, 74, -2
80458, 83, 74, -2
80460, 84, 71, 2
80461, 87, 74, -3
80462, 85, 73, -5
80464, 83, 75, -5
80465, 84, 75, -5
80466, 88, 73, -4
80468, 90, 72, -4
80469, 90, 72, -6
80470, 93, 74, -8
80471, 91, 72, -5
80473, 91, 71, -1
80474, 94, 73, -2
80475, 99, 71, -6
80477, 101, 72, -7
80478, 102, 72, -7
80479, 102, 71, -2
80481, 103, 74, -2
80482, 102, 73, -6
80483, 100, 72, -5
80485, 98, 72, -2
80486, 98, 70, -4
80487, 95, 74, -6
80489, 97, 73, -8
80490, 100, 72, -5
80491, 94, 73, -5
80492, 95, 71, -3
80494, 98, 74, -6
80495, 95, 71, -11
80496, 89, 71, -7
80498, 89, 73, -4
80499, 90, 72, -4
80500, 89, 72, -5
80502, 88, 73, -4
80503, 90, 75, -4
80504, 86, 75, -3
80506, 84, 71, -1
80507, 90, 71, 0
80508, 88, 71, -6
80510, 90, 71, -3
80511, 93, 74, 4
80512, 94, 75, 5
80514, 93, 77, 0
80515, 93, 77, -3
80516, 98, 77, -8
80517, 95, 76, -5
80519, 92, 75, -4
80520, 96, 77, -8
80521, 94, 73, -7
80523, 98, 71, -6
80524, 100, 73, -6
80525, 99, 72, -4
80527, 101, 72, -5
80528, 97, 70, -7
80529, 97, 72, -5
80531, 96, 74, -1
80532, 95, 74, 0
80533, 95, 72, -3
80535, 93, 72, -5
80536, 92, 72, -6
80537, 90, 76, -3
80538, 85, 74, -4
80540, 87, 75, -1
80541, 87, 72, 0
80542, 90, 72, 1
80544, 90, 73, 1
80545, 92, 72, -1
80546, 94, 71, -5
80548, 89, 71, -7
80549, 90, 72, -4
80550, 94, 73, -6
80552, 90, 73, -5
80553, 96, 72, -4
80554, 95, 71, -8
80556, 94, 74, -6
80557, 95, 76, -5
80558, 97, 74, -4
80559, 101, 75, 1
80561, 100, 75, -4
80562, 98, 76, -7
80563, 95, 73, -4
80565, 96, 73, -3
80566, 97, 74, -5
80567, 96, 74, -9
80569, 99, 73, -7
80570, 97, 73, -4
80571, 96, 73, -5
80573, 101, 72, -2
80574, 97, 72, -5
80575, 98, 74, -4
80577, 97, 73, -6
80578, 93, 74, -5
80579, 92, 71, 0
80580, 89, 72, -2
80582, 88, 73, -4
80583, 88, 72, -3
80584, 86, 72, -4
80586, 90, 71, -4
80587, 91, 68, -5
80588, 90, 71, -1
80590, 88, 75, -4
80591, 91, 75, -2
80592, 93, 71, 0
80594, 91, 71, -3
80595, 94, 72, -2
80596, 94, 75, 0
80598, 90, 74, 4
80599, 94, 71, -4
80600, 94, 71, -7
80601, 100, 70, -6
80603, 100, 71, -8
80604, 100, 75, -8
80605, 102, 76, -5
80607, 96, 77, -9
80608, 98, 77, -12
80609, 96, 75, -7
80611, 98, 73, -3
80612, 98, 71, -4
80613, 96, 70, -7
80615, 98, 73, -8
80616, 95, 77, -9
80617, 92, 70, -9
80619, 96, 69, -7
80620, 92, 69, -8
80621, 89, 71, -8
80623, 83, 74, -6
80624, 84, 71, -5
80625, 92, 70, -6
80626, 91, 71, -6
80628, 89, 72, -7
80629, 84, 72, -8
80630, 85, 70, -5
80632, 91, 70, -5
80633, 91, 69, -6
80634, 93, 72, -5
80636, 92, 73, -3
80637, 90, 72, -3
80638, 96, 70, -2
80640, 95, 70, -2
80641, 96, 75, -6
80642, 99, 74, -4
80644, 98, 73, -1
80645, 100, 73, -3
80646, 98, 72, -5
80647, 100, 73, -4
80649, 98, 71, -3
80650, 93, 69, -2
80651, 96, 72, -4
80653, 93, 73, -2
80654, 95, 74, -2
80655, 90, 73, -3
80657, 90, 71, -3
80658, 93, 69, -4
80659, 88, 72, -3
80661, 90, 72, -7
80662, 88, 72, -4
80663, 84, 69, 0
80665, 87, 71, -3
80666, 86, 71, -5
80667, 89, 70, -5
80668, 89, 72, 0
80670, 90, 70, -2
80671, 92, 70, -4
80672, 89, 72, -5
80674, 89, 71, -1
80675, 93, 70, -4
80676, 93, 71, -3
80678, 96, 73, -3
80679, 93, 71, -2
80680, 93, 74, 2
80682, 96, 73, 3
80683, 100, 70, 0
80684, 100, 70, -5
80686, 94, 70, -7
80687, 96, 72, -7
80688, 95, 74, -6
80689, 96, 74, -4
80691, 100, 70, -2
80692, 99, 71, -5
80693, 99, 72, -6
80695, 97, 75, -6
80696, 97, 74, -2
80697, 97, 73, -5
80699, 96, 73, -10
80700, 96, 76, -8
80701, 95, 78, -2
80703, 94, 76, 0
80704, 92, 76, -7
80705, 86, 76, -6
80707, 86, 76, -3
80708, 83, 72, 0
80709, 85, 69, 0
80710, 90, 71, -2
80712, 89, 72, -4
80713, 90, 74, -5
80714, 88, 73, -5
80716, 84, 70, -4
80717, 85, 74, -7
80718, 85, 73, -8
80720, 87, 73, -9
80721, 87, 74, -5
80722, 88, 72, 1
80724, 94, 75, -2
80725, 93, 75, -7
80726, 94, 74, -7
80728, 96, 75, -5
80729, 96, 72, -3
80730, 95, 74, -5
80732, 95, 74, -7
80733, 99, 73, -8
80734, 97, 72, -1
80735, 99, 73, -4
80737, 105, 74, -6
80738, 103, 68, -10
80739, 98, 72, -6
80741, 95, 71, -6
80742, 96, 66, -4
80743, 95, 70, -2
80745, 89, 70, 1
80746, 91, 73, -5
80747, 89, 73, -4
80749, 87, 70, -3
80750, 88, 69, -6
80751, 87, 70, -9
80753, 88, 71, -6
80754, 83, 73, 0
80755, 83, 73, 2
80756, 88, 74, -5
80758, 91, 72, -7
80759, 94, 71, -7
80760, 95, 72, -4
80762, 94, 71, 3
80763, 92, 72, -1
80764, 91, 73, -10
80766, 94, 70, -8
80767, 95, 70, -7
80768, 96, 72, -7
80770, 99, 74, -5
80771, 94, 74, -6
80772, 97, 71, -9
80774, 98, 73, -2
80775, 96, 72, 0
80776, 98, 76, -1
80777, 100, 74, -6
80779, 99, 72, -6
80780, 95, 73, -2
80781, 95, 71, -1
80783, 96, 73, -4
80784, 95, 73, -2
80785, 96, 76, 0
80787, 94, 76, 0
80788, 96, 72, -2
80789, 95, 70, -7
80791, 92, 68, -12
80792, 92, 72, -7
80793, 88, 74, -3
80795, 85, 71, -6
80796, 87, 73, -7
80797, 86, 72, -9
80798, 89, 72, -9
80800, 89, 73, -9
80801, 90, 72, -7
80802, 90, 76, -7
80804, 88, 78, -8
80805, 89, 77, -10
80806, 87, 76, -4
80808, 87, 73, -3
80809, 90, 75, -3
80810, 93, 76, -2
80812, 96, 76, -1
80813, 96, 72, 1
80814, 93, 71, -1
80816, 98, 72, -6
80817, 97, 70, -13
80818, 98, 74, -13
80819, 98, 75, -10
80821, 99, 73, -7
80822, 101, 71, -3
80823, 99, 72, 0
80825, 98, 70, -1
80826, 98, 70, -3
80827, 93, 73, -4
80829, 95, 73, -6
80830, 90, 69, -6
80831, 91, 71, -5
80833, 91, 70, -2
80834, 88, 71, -3
80835, 88, 75, -4
80837, 84, 74, -8
80838, 83, 72, -10
80839, 80, 73, -6
80841, 79, 75, -3
80842, 84, 74, 0
80843, 81, 72, 1
80844, 85, 71, -3
80846, 87, 73, -6
80847, 89, 72, -5
80848, 91, 76, -2
80850, 89, 72, -6
80851, 91, 73, -3
80852, 91, 73, 0
80854, 91, 69, -3
80855, 95, 73, -4
80856, 96, 72, -8
80858, 100, 70, -9
80859, 96, 73, -9
80860, 96, 72, -10
80862, 102, 72, -10
80863, 101, 72, -9
80864, 101, 72, -5
80865, 98, 72, -7
80867, 97, 71, -6
80868, 103, 70, -7
80869, 99, 69, -10
80871, 98, 70, -8
80872, 92, 71, -5
80873, 93, 68, -2
80875, 94, 70, -4
80876, 90, 71, -5
80877, 91, 71, -2
80879, 90, 73, 0
80880, 87, 73, -1
80881, 86, 74, -4
80883, 87, 73, -3
80884, 88, 72, 0
80885, 88, 73, 2
80886, 88, 73, -4
80888, 88, 76, -5
80889, 86, 75, -6
80890, 87, 75, -8
80892, 86, 76, -9
80893, 89, 74, -3
80894, 95, 72, -7
80896, 93, 73, -11
80897, 97, 76, -10
80898, 96, 73, -5
80900, 98, 71, 0
80901, 102, 71, -4
80902, 101, 72, -5
80904, 105, 73, -8
80905, 101, 72, -8
80906, 100, 71, -6
80907, 100, 71, 1
80909, 97, 69, -1
80910, 98, 72, -3
80911, 96, 73, -3
80913, 89, 72, -2
80914, 90, 72, -4
80915, 89, 71, -7
80917, 92, 71, -8
80918, 91, 74, -6
80919, 88, 71, -1
80921, 88, 73, 1
80922, 85, 70, -4
80923, 85, 69, -3
80925, 85, 71, 2
80926, 84, 71, 1
80927, 86, 71, -4
80928, 83, 71, -6
80930, 84, 69, -7
80931, 85, 70, -5
80932, 84, 67, -2
80934, 92, 67, -3
80935, 97, 66, -7
80936, 96, 68, -6
80938, 95, 70, -2
80939, 93, 70, -2
80940, 97, 72, -8
80942, 97, 75, -10
80943, 103, 73, -7
80944, 101, 71, -3
80946, 99, 72, -2
80947, 100, 75, -3
80948, 102, 75, -8
80950, 104, 74, -7
80951, 103, 74, -1
80952, 103, 73, -3
80953, 101, 73, -4
80955, 96, 72, -5
80956, 94, 72, -2
80957, 93, 69, 4
80959, 94, 66, 3
80960, 97, 71, -3
80961, 93, 72, -7
80963, 92, 74, -5
80964, 89, 72, -2
80965, 86, 68, -4
80967, 90, 70, -5
80968, 90, 69, -5
80969, 88, 73, -3
80971, 85, 76, -3
80972, 83, 74, -2
80973, 86, 73, -4
80974, 85, 70, -4
80976, 87, 70, -4
80977, 89, 70, -4
80978, 91, 70, 0
80980, 98, 69, -2
80981, 95, 68, -5
80982, 97, 72, -5
80984, 100, 73, 0
80985, 104, 71, -2
80986, 106, 74, -4
80988, 101, 73, -6
80989, 100, 73, -6
80990, 96, 73, -2
80992, 98, 68, 1
80993, 101, 72, -4
80994, 100, 73, -9
80995, 101, 71, -7
80997, 95, 74, -6
80998, 89, 73, -7
80999, 92, 72, -9
81001, 89, 70, -8
81002, 87, 71, -9
81003, 83, 72, -8
81005, 80, 70, -2
81006, 84, 71, 1
81007, 84, 73, -3
81009, 87, 75, -6
81010, 86, 76, -3
81011, 88, 72, -7
81013, 92, 71, -11
81014, 93, 70, -11
81015, 94, 71, -11
81016, 90, 72, -9
81018, 91, 70, -7
81019, 92, 73, -8
81020, 91, 71, -9
81022, 96, 72, -7
81023, 99, 71, -5
81024, 99, 71, 0
81026, 103, 72, -2
81027, 106, 68, -8
81028, 101, 71, -8
81030, 98, 72, -7
81031, 101, 70, -4
81032, 102, 73, -5
81034, 97, 72, -3
81035, 97, 71, -4
81036, 93, 72, -5
81037, 93, 71, -1
81039, 98, 71, -8
81040, 95, 73, -9
81041, 90, 75, -7
81043, 87, 77, -7
81044, 87, 74, -8
81045, 92, 73, -5
81047, 92, 73, -3
81048, 89, 71, -5
81049, 88, 72, 1
81051, 88, 72, 1
81052, 92, 73, -6
81053, 92, 71, -6
81055, 92, 72, -7
81056, 90, 74, -6
81057, 93, 71, -4
81059, 94, 70, -5
81060, 90, 70, -7
81061, 90, 71, -6
81062, 90, 70, -7
81064, 93, 67, -5
81065, 98, 70, -4
81066, 100, 72, -5
81068, 99, 74, -8
81069, 97, 79, -7
81070, 97, 75, -3
81072, 98, 72, -4
81073, 96, 72, -4
81074, 96, 72, -3
81076, 90, 71, -4
81077, 87, 72, -4
81078, 88, 72, -4
81080, 89, 72, -7
81081, 91, 74, -9
81082, 89, 71, -5
81083, 89, 74, -1
81085, 93, 75, -4
81086, 92, 72, -7
81087, 92, 71, -2
81089, 89, 72, -4
81090, 86, 73, -3
81091, 91, 71, -2
81093, 92, 73, -6
81094, 94, 72, -7
81095, 92, 73, -1
81097, 90, 71, -3
81098, 93, 75, -2
81099, 93, 74, -6
81101, 94, 71, -5
81102, 97, 69, -7
81103, 98, 70, -4
81104, 100, 73, -3
81106, 97, 73, -5
81107, 99, 70, -1
81108, 98, 73, 1
81110, 96, 73, -2
81111, 102, 73, -8
81112, 103, 72, -8
81114, 99, 69, -6
81115, 96, 70, -2
81116, 94, 67, 2
81118, 96, 69, -3
81119, 93, 69, -7
81120, 88, 74, -7
81122, 84, 75, 0
81123, 83, 73, 5
81124, 86, 71, 1
81125, 86, 72, -6
81127, 88, 72, -6
81128, 88, 73, -4
81129, 87, 71, -4
81131, 88, 72, -7
81132, 87, 72, -9
81133, 87, 74, -3
81135, 88, 74, -3
81136, 91, 72, 0
81137, 96, 72, -1
81139, 93, 71, -2
81140, 93, 72, -8
81141, 94, 72, -7
81143, 100, 70, -4
81144, 105, 70, -5
81145, 106, 68, -8
81146, 105, 68, -4
81148, 103, 71, -3
81149, 100, 70, -6
81150, 97, 72, -11
81152, 94, 71, -9
81153, 97, 74, -5
81154, 96, 76, -2
81156, 93, 71, 0
81157, 95, 72, -9
81158, 92, 70, -12
81160, 94, 71, -9
81161, 94, 71, -4
81162, 88, 69, 1
81164, 85, 69, -2
81165, 85, 67, -7
81166, 85, 71, -11
81168, 86, 72, -2
81169, 86, 72, -1
81170, 86, 75, 1
81171, 87, 76, -3
81173, 92, 74, -7
81174, 92, 73, -5
81175, 89, 71, 1
81177, 91, 69, -3
81178, 95, 69, -3
81179, 98, 73, -3
81181, 95, 74, 0
81182, 98, 71, 1
81183, 96, 72, -5
81185, 99, 73, -6
81186, 102, 72, -7
81187, 99, 73, -6
81189, 99, 72, -5
81190, 101, 73, -5
81191, 101, 74, -6
81192, 103, 73, -5
81194, 101, 73, -2
81195, 100, 73, -1
81196, 97, 72, -4
81198, 98, 69, -3
81199, 98, 71, -3
81200, 94, 73, 1
81202, 94, 72, -1
81203, 94, 73, -1
81204, 87, 69, -3
81206, 86, 69, -5
81207, 86, 72, -4
81208, 84, 72, -3
81210, 85, 73, -3
81211, 89, 74, -5
81212, 88, 76, -8
81213, 88, 73, -6
81215, 85, 71, -9
81216, 88, 74, -13
81217, 92, 72, -10
81219, 94, 71, -7
81220, 93, 72, -6
81221, 90, 79, -10
81223, 82, 113, -31
81224, 78, 163, -63
81225, 87, 217, -95
81227, 112, 259, -119
81228, 154, 272, -130
81229, 196, 266, -134
81231, 232, 234, -131
81232, 256, 195, -123
81233, 265, 161, -109
81234, 254, 132, -95
81236, 231, 114, -82
81237, 197, 111, -77
81238, 167, 115, -73
81240, 146, 118, -73
81241, 137, 129, -74
81242, 142, 140, -66
81244, 156, 144, -62
81245, 173, 152, -59
81246, 183, 155, -58
81248, 189, 157, -64
81249, 180, 165, -71
81250, 154, 186, -80
81252, 130, 210, -90
81253, 110, 232, -100
81254, 95, 245, -115
81255, 90, 262, -136
81257, 97, 277, -155
81258, 100, 296, -169
81259, 99, 310, -178
81261, 91, 319, -180
81262, 77, 339, -190
81263, 52, 380, -207
81265, 31, 430, -232
81266, 27, 466, -262
81267, 37, 490, -293
81269, 52, 508, -304
81270, 64, 502, -279
81271, 102, 456, -240
81273, 127, 387, -196
81274, 113, 330, -141
81275, 70, 287, -81
81277, 88, 205, -88
81278, 66, 176, -83
81279, 45, 157, -70
81280, 19, 145, -54
81282, 16, 132, -12
81283, 48, 81, 29
81284, 66, 4, 52
81286, 88, -45, 102
81287, 100, -86, 137
81288, 109, -133, 153
81290, 99, -188, 177
81291, 94, -246, 192
81292, 95, -318, 221
81294, 94, -381, 285
81295, 103, -424, 347
81296, 107, -491, 381
81298, 111, -534, 425
81299, 110, -567, 454
81300, 106, -608, 461
81301, 106, -640, 469
81303, 71, -687, 481
81304, 71, -694, 515
81305, 114, -684, 532
81307, 174, -701, 522
81308, 189, -739, 515
81309, 148, -792, 548
81311, 122, -849, 597
81312, 132, -857, 611
81313, 168, -861, 529
81315, 44, -783, 604
81316, 70, -772, 603
81317, 77, -736, 559
81319, 98, -684, 591
81320, 148, -711, 524
81321, 128, -710, 473
81322, 79, -694, 502
81324, 81, -718, 480
81325, 140, -685, 470
81326, 281, -652, 402
81328, 367, -582, 337
81329, 383, -533, 342
81330, 301, -512, 373
81332, 214, -502, 415
81333, 162, -494, 428
81334, 148, -544, 390
81336, 202, -570, 318
81337, 237, -565, 229
81338, 252, -550, 117
81340, 225, -468, 13
81341, 176, -367, -63
81342, 138, -296, -79
81343, 123, -260, -80
81345, 123, -230, -86
81346, 125, -194, -95
81347, 109, -128, -64
81349, 75, -24, 24
81350, 48, 92, 128
81351, 37, 194, 234
81353, 53, 274, 338
81354, 125, 309, 395
81355, 179, 315, 356
81357, 186, 314, 284
81358, 200, 272, 157
81359, 223, 194, -58
81361, 185, 153, -182
81362, 108, 150, -270
81363, -8, 261, -344
81364, -75, 464, -408
81366, -83, 694, -426
81367, -61, 933, -382
81368, 104, 1102, -409
81370, 395, 1005, -555
81371, 438, 799, -611
81372, 252, 638, -487
81374, 83, 544, -313
81375, 10, 489, -207
81376, 50, 484, -207
81378, 83, 468, -247
81379, 84, 435, -310
81380, 78, 416, -358
81382, 10, 431, -314
81383, -33, 459, -233
81384, 25, 472, -186
81386, 126, 448, -196
81387, 190, 436, -232
81388, 198, 405, -244
81389, 171, 325, -222
81391, 102, 236, -163
81392, 26, 236, -109
81393, -11, 335, -89
81395, 67, 443, -113
81396, 226, 506, -234
81397, 257, 715, -391
81399, 296, 921, -581
81400, 299, 899, -559
81401, 287, 609, -366
81403, 224, 290, -163
81404, 101, 174, -65
81405, 7, 184, -90
81407, -49, 233, -156
81408, -86, 327, -180
81409, 5, 380, -244
81410, 173, 393, -326
81412, 168, 481, -322
81413, 76, 545, -232
81414, 59, 473, -221
81416, 67, 426, -247
81417, 63, 449, -251
81418, 127, 460, -273
81420, 151, 454, -342
81421, 50, 546, -294
81422, 74, 549, -303
81424, 70, 542, -308
81425, 43, 526, -292
81426, 43, 634, -351
81428, 14, 834, -553
81429, 92, 934, -592
81430, 165, 799, -493
81431, 213, 670, -418
81433, 182, 583, -361
81434, 98, 558, -368
81435, -66, 641, -382
81437, -64, 670, -486
81438, -130, 727, -494
81439, -151, 745, -456
81441, -115, 769, -457
81442, -95, 893, -518
81443, -61, 977, -614
81445, -47, 942, -600
81446, -75, 909, -622
81447, -125, 980, -623
81449, -86, 882, -582
81450, -135, 785, -464
81451, -170, 750, -442
81452, -194, 793, -481
81454, -180, 832, -565
81455, -218, 821, -489
81456, -194, 737, -430
81458, -195, 736, -441
81459, -210, 795, -480
81460, -201, 825, -515
81462, -225, 866, -528
81463, -212, 890, -563
81464, -156, 894, -613
81466, -195, 913, -534
81467, -214, 841, -516
81468, -247, 854, -497
81470, -261, 850, -536
81471, -277, 875, -520
81472, -240, 853, -509
81473, -257, 848, -509
81475, -276, 851, -492
81476, -308, 848, -513
81477, -296, 833, -509
81479, -279, 836, -529
81480, -256, 821, -513
81481, -263, 788, -504
81483, -301, 758, -436
81484, -346, 739, -445
81485, -395, 744, -405
81487, -433, 688, -394
81488, -484, 667, -358
81489, -561, 621, -342
81491, -658, 583, -316
81492, -723, 553, -308
81493, -803, 522, -290
81495, -885, 470, -252
81496, -990, 406, -216
81497, -1107, 354, -182
81498, -1203, 338, -169
81500, -1276, 311, -157
81501, -1373, 282, -125
81502, -1479, 236, -89
81504, -1591, 214, -85
81505, -1680, 244, -64
81506, -1784, 302, -13
81508, -1823, 349, 105
81509, -1812, 370, 228
81510, -1815, 442, 386
81512, -1737, 489, 485
81513, -1778, 580, 652
81514, -1810, 624, 854
81516, -1780, 651, 1038
81517, -1685, 681, 1262
81518, -1353, 831, 1424
81519, -1020, 1237, 1465
81521, -1070, 1448, 1491
81522, -1373, 1455, 1478
81523, -1665, 1373, 1420
81525, -1742, 1326, 1296
81526, -1735, 1313, 1149
81527, -1760, 1295, 999
81529, -1766, 1408, 846
81530, -1765, 1596, 697
81531, -1814, 1581, 627
81533, -1803, 1505, 597
81534, -1760, 1765, 523
81535, -1810, 2201, 420
81537, -1892, 2267, 395
81538, -1972, 2186, 402
81539, -2106, 2205, 399
81540, -2266, 2321, 401
81542, -2260, 2506, 420
81543, -2041, 2629, 460
81544, -1752, 2656, 524
81546, -1508, 2674, 600
81547, -1353, 2741, 672
81548, -1209, 2881, 718
81550, -966, 3023, 733
81551, -596, 3164, 715
81552, -201, 3343, 653
81554, 70, 3574, 548
81555, 181, 3769, 419
81556, 255, 3840, 284
81558, 374, 3838, 140
81559, 526, 3828, -22
81560, 688, 3862, -181
81561, 873, 3949, -339
81563, 1089, 4076, -469
81564, 1327, 4289, -583
81565, 1554, 4536, -670
81567, 1778, 4699, -712
81568, 2016, 4738, -704
81569, 2308, 4698, -658
81571, 2654, 4644, -603
81572, 2975, 4581, -547
81573, 3251, 4495, -491
81575, 3496, 4401, -429
81576, 3741, 4341, -389
81577, 3977, 4301, -369
81579, 4160, 4243, -359
81580, 4310, 4147, -350
81581, 4442, 4009, -342
81582, 4552, 3843, -341
81584, 4662, 3661, -349
81585, 4774, 3462, -359
81586, 4852, 3245, -357
81588, 4880, 3028, -351
81589, 4900, 2825, -344
81590, 4900, 2601, -335
81592, 4883, 2383, -317
81593, 4853, 2181, -285
81594, 4806, 1977, -245
81596, 4740, 1754, -195
81597, 4671, 1533, -140
81598, 4589, 1319, -87
81600, 4479, 1093, -28
81601, 4354, 861, 39
81602, 4242, 664, 93
81603, 4128, 492, 140
81605, 4017, 317, 178
81606, 3910, 139, 218
81607, 3787, -46, 259
81609, 3661, -220, 292
81610, 3548, -366, 312
81611, 3450, -483, 322
81613, 3361, -567, 324
81614, 3261, -638, 326
81615, 3151, -730, 332
81617, 3034, -859, 348
81618, 2923, -992, 359
81619, 2832, -1100, 372
81621, 2749, -1185, 388
81622, 2696, -1265, 406
81623, 2681, -1308, 420
81625, 2676, -1325, 428
81626, 2674, -1312, 424
81627, 2656, -1286, 412
81628, 2659, -1270, 392
81630, 2680, -1251, 358
81631, 2678, -1239, 316
81632, 2670, -1218, 270
81634, 2688, -1170, 208
81635, 2711, -1101, 138
81636, 2709, -1035, 65
81638, 2682, -972, -19
81639, 2661, -895, -93
81640, 2641, -822, -164
81642, 2615, -753, -227
81643, 2575, -674, -284
81644, 2526, -580, -327
81646, 2491, -473, -358
81647, 2446, -365, -377
81648, 2394, -269, -383
81649, 2352, -168, -379
81651, 2324, -46, -369
81652, 2295, 64, -348
81653, 2260, 142, -322
81655, 2235, 213, -301
81656, 2215, 295, -282
81657, 2202, 390, -277
81659, 2205, 493, -283
81660, 2213, 583, -293
81661, 2218, 661, -315
81663, 2218, 741, -350
81664, 2214, 813, -396
81665, 2236, 878, -448
81667, 2251, 932, -497
81668, 2263, 990, -546
81669, 2275, 1051, -592
81670, 2296, 1111, -627
81672, 2323, 1169, -646
81673, 2358, 1232, -650
81674, 2407, 1299, -641
81676, 2456, 1362, -618
81677, 2494, 1426, -585
81678, 2540, 1486, -539
81680, 2589, 1550, -477
81681, 2651, 1637, -411
81682, 2722, 1709, -346
81684, 2770, 1736, -275
81685, 2828, 1752, -199
81686, 2904, 1770, -132
81688, 2978, 1745, -68
81689, 3044, 1698, -11
81690, 3108, 1667, 30
81691, 3169, 1634, 62
81693, 3221, 1598, 86
81694, 3273, 1574, 101
81695, 3335, 1548, 107
81697, 3365, 1478, 113
81698, 3369, 1382, 124
81699, 3399, 1307, 131
81701, 3435, 1225, 137
81702, 3453, 1127, 140
81703, 3441, 1029, 143
81705, 3435, 936, 152
81706, 3441, 852, 165
81707, 3435, 760, 177
81709, 3413, 673, 190
81710, 3371, 586, 209
81711, 3319, 516, 228
81712, 3238, 450, 245
81714, 3138, 385, 261
81715, 3061, 322, 269
81716, 3020, 230, 287
81718, 2972, 119, 319
81719, 2902, 24, 354
81720, 2833, -50, 388
81722, 2773, -108, 423
81723, 2720, -162, 456
81724, 2663, -209, 487
81726, 2600, -253, 512
81727, 2539, -309, 525
81728, 2480, -367, 522
81730, 2416, -433, 506
81731, 2341, -486, 480
81732, 2249, -524, 446
81734, 2157, -569, 409
81735, 2077, -620, 365
81736, 2012, -653, 320
81737, 1959, -674, 275
81739, 1900, -708, 233
81740, 1851, -746, 194
81741, 1803, -768, 147
81743, 1753, -781, 97
81744, 1707, -793, 51
81745, 1662, -808, -4
81747, 1619, -822, -61
81748, 1577, -827, -115
81749, 1526, -837, -168
81751, 1484, -844, -228
81752, 1441, -850, -277
81753, 1405, -852, -327
81755, 1371, -841, -372
81756, 1326, -832, -410
81757, 1280, -822, -444
81758, 1240, -804, -470
81760, 1209, -779, -499
81761, 1187, -753, -525
81762, 1159, -737, -549
81764, 1117, -718, -567
81765, 1060, -694, -588
81766, 999, -676, -612
81768, 948, -658, -637
81769, 899, -645, -662
81770, 845, -624, -687
81772, 781, -602, -707
81773, 713, -584, -721
81774, 643, -568, -735
81776, 577, -557, -747
81777, 515, -549, -750
81778, 446, -540, -750
81779, 381, -534, -747
81781, 321, -530, -746
81782, 260, -530, -743
81783, 207, -532, -733
81785, 148, -538, -726
81786, 96, -547, -724
81787, 50, -546, -722
81789, 0, -544, -728
81790, -46, -540, -732
81791, -89, -544, -735
81793, -128, -555, -733
81794, -165, -566, -739
81795, -207, -582, -747
81797, -250, -604, -753
81798, -298, -629, -764
81799, -356, -657, -774
81800, -416, -685, -792
81802, -484, -713, -814
81803, -552, -739, -836
81804, -619, -776, -864
81806, -687, -816, -891
81807, -752, -861, -920
81808, -817, -909, -945
81810, -877, -952, -968
81811, -937, -991, -987
81812, -994, -1037, -1008
81814, -1057, -1084, -1027
81815, -1129, -1130, -1044
81816, -1194, -1176, -1054
81818, -1262, -1229, -1057
81819, -1336, -1279, -1050
81820, -1412, -1312, -1040
81821, -1498, -1345, -1020
81823, -1587, -1384, -986
81824, -1676, -1425, -951
81825, -1763, -1469, -904
81827, -1849, -1509, -856
81828, -1937, -1564, -805
81829, -2028, -1635, -751
81831, -2135, -1703, -696
81832, -2241, -1757, -651
81833, -2351, -1800, -607
81835, -2459, -1857, -566
81836, -2554, -1918, -528
81837, -2659, -1971, -491
81839, -2757, -2009, -461
81840, -2838, -2050, -436
81841, -2947, -2110, -402
81843, -3089, -2165, -360
81844, -3214, -2179, -320
81845, -3283, -2184, -283
81846, -3300, -2220, -234
81848, -3314, -2281, -174
81849, -3336, -2336, -115
81850, -3378, -2365, -60
81852, -3430, -2374, -7
81853, -3478, -2357, 35
81854, -3513, -2328, 74
81856, -3539, -2317, 116
81857, -3574, -2312, 162
81858, -3628, -2315, 212
81860, -3688, -2316, 261
81861, -3746, -2303, 307
81862, -3804, -2266, 350
81864, -3922, -2226, 397
81865, -4026, -2152, 433
81866, -4052, -2110, 472
81867, -4041, -2147, 520
81869, -4079, -2205, 581
81870, -4181, -2221, 634
81871, -4450, -2201, 680
81873, -4978, -2087, 705
81874, -5319, -1825, 693
81875, -5274, -1586, 711
81877, -5112, -1568, 820
81878, -5048, -1681, 999
81879, -5054, -1704, 1173
81881, -5025, -1583, 1298
81882, -4932, -1404, 1389
81883, -4855, -1291, 1476
81885, -4853, -1293, 1577
81886, -4934, -1319, 1670
81887, -5074, -1268, 1720
81888, -5128, -1122, 1727
81890, -4891, -1024, 1704
81891, -4617, -1013, 1668
81892, -4496, -1009, 1607
81894, -4469, -1024, 1527
81895, -4399, -1022, 1431
81896, -4214, -1016, 1334
81898, -3898, -1041, 1243
81899, -3566, -1056, 1173
81900, -3484, -1052, 1116
81902, -3607, -1052, 1070
81903, -3695, -1016, 1032
81904, -3671, -943, 1005
81906, -3483, -860, 991
81907, -3204, -845, 1017
81908, -3024, -850, 1075
81909, -3009, -776, 1128
81911, -3015, -624, 1154
81912, -2845, -490, 1164
81913, -2580, -429, 1181
81915, -2330, -389, 1190
81916, -2122, -312, 1181
81917, -1903, -205, 1148
81919, -1680, -108, 1090
81920, -1444, -22, 1008
81921, -1213, 46, 906
81923, -972, 114, 788
81924, -725, 186, 649
81925, -480, 241, 498
81927, -256, 297, 337
81928, -38, 345, 170
81929, 174, 398, -7
81930, 395, 447, -179
81932, 643, 485, -335
81933, 885, 517, -484
81934, 1115, 559, -617
81936, 1335, 588, -735
81937, 1559, 622, -842
81938, 1771, 650, -932
81940, 1943, 686, -1004
81941, 2124, 707, -1057
81942, 2289, 731, -1089
81944, 2426, 761, -1105
81945, 2541, 779, -1105
81946, 2642, 798, -1096
81948, 2730, 816, -1072
81949, 2789, 833, -1032
81950, 2825, 858, -989
81952, 2854, 889, -949
81953, 2856, 899, -901
81954, 2840, 879, -845
81955, 2813, 854, -793
81957, 2778, 830, -746
81958, 2737, 824, -705
81959, 2683, 839, -676
81961, 2617, 870, -648
81962, 2536, 877, -614
81963, 2437, 820, -573
81965, 2329, 781, -531
81966, 2206, 749, -488
81967, 2094, 713, -434
81969, 1976, 699, -379
81970, 1857, 693, -317
81971, 1730, 682, -246
81973, 1590, 657, -175
81974, 1463, 647, -107
81975, 1354, 658, -46
81976, 1261, 678, 11
81978, 1164, 695, 61
81979, 1044, 696, 107
81980, 912, 694, 154
81982, 773, 701, 201
81983, 644, 718, 242
81984, 537, 746, 276
81986, 425, 776, 315
81987, 325, 812, 355
81988, 234, 857, 397
81990, 158, 896, 436
81991, 100, 943, 475
81992, 55, 1001, 510
81994, 29, 1056, 547
81995, 7, 1102, 581
81996, -16, 1146, 610
81997, -27, 1203, 629
81999, -6, 1280, 635
82000, 8, 1382, 622
82001, -17, 1436, 618
82003, -72, 1423, 618
82004, -129, 1415, 614
82005, -175, 1432, 600
82007, -246, 1444, 599
82008, -305, 1442, 607
82009, -264, 1504, 601
82011, -157, 1570, 604
82012, -96, 1590, 630
82013, -69, 1637, 658
82015, 16, 1727, 680
82016, 160, 1820, 697
82017, 293, 1874, 709
82018, 369, 1886, 720
82020, 414, 1890, 723
82021, 460, 1883, 712
82022, 507, 1837, 697
82024, 542, 1765, 673
82025, 576, 1721, 626
82026, 621, 1697, 572
82028, 653, 1669, 521
82029, 666, 1638, 474
82030, 699, 1630, 425
82032, 749, 1635, 370
82033, 802, 1623, 326
82034, 844, 1600, 295
82036, 880, 1546, 275
82037, 907, 1474, 273
82038, 945, 1435, 280
82039, 1019, 1438, 292
82041, 1102, 1435, 312
82042, 1158, 1416, 342
82043, 1199, 1401, 381
82045, 1254, 1399, 414
82046, 1331, 1400, 449
82047, 1410, 1388, 491
82049, 1488, 1384, 530
82050, 1543, 1389, 558
82051, 1577, 1402, 578
82053, 1610, 1429, 597
82054, 1657, 1462, 608
82055, 1725, 1474, 623
82057, 1795, 1486, 641
82058, 1867, 1509, 658
82059, 1965, 1537, 681
82061, 2079, 1562, 713
82062, 2192, 1595, 745
82063, 2295, 1639, 777
82064, 2408, 1679, 809
82066, 2534, 1709, 838
82067, 2642, 1721, 864
82068, 2734, 1725, 887
82070, 2830, 1748, 896
82071, 2906, 1749, 893
82072, 2972, 1724, 892
82074, 3036, 1689, 886
82075, 3116, 1669, 879
82076, 3182, 1669, 877
82078, 3211, 1674, 884
82079, 3254, 1691, 890
82080, 3323, 1662, 909
82082, 3368, 1563, 932
82083, 3415, 1487, 942
82084, 3464, 1448, 932
82085, 3489, 1410, 910
82087, 3484, 1344, 887
82088, 3471, 1246, 854
82089, 3451, 1130, 815
82091, 3417, 1024, 764
82092, 3364, 926, 710
82093, 3296, 838, 646
82095, 3221, 726, 589
82096, 3142, 613, 540
82097, 3048, 509, 492
82099, 2944, 403, 453
82100, 2846, 303, 426
82101, 2742, 196, 410
82103, 2634, 96, 398
82104, 2526, 1, 390
82105, 2400, -92, 394
82106, 2283, -169, 401
82108, 2163, -251, 416
82109, 2029, -330, 434
82110, 1883, -391, 452
82112, 1744, -440, 474
82113, 1616, -478, 497
82114, 1492, -522, 521
82116, 1360, -564, 540
82117, 1229, -594, 554
82118, 1106, -606, 561
82120, 985, -615, 566
82121, 857, -620, 569
82122, 727, -625, 567
82124, 594, -616, 560
82125, 465, -597, 547
82126, 352, -578, 537
82127, 233, -569, 522
82129, 122, -541, 503
82130, 1, -503, 480
82131, -98, -461, 460
82133, -178, -416, 438
82134, -265, -365, 416
82135, -351, -312, 397
82137, -419, -260, 379
82138, -471, -199, 363
82139, -524, -134, 353
82141, -571, -63, 349
82142, -602, 13, 347
82143, -623, 87, 349
82145, -624, 170, 357
82146, -615, 255, 362
82147, -598, 330, 368
82148, -573, 403, 373
82150, -546, 475, 371
82151, -494, 541, 362
82152, -442, 602, 346
82154, -392, 652, 323
82155, -335, 699, 290
82156, -278, 741, 249
82158, -213, 777, 201
82159, -151, 802, 149
82160, -92, 816, 92
82162, -27, 831, 30
82163, 34, 839, -38
82164, 95, 843, -91
82166, 154, 844, -140
82167, 210, 840, -182
82168, 270, 833, -215
82170, 329, 821, -237
82171, 389, 807, -249
82172, 448, 789, -252
82173, 511, 773, -255
82175, 564, 752, -254
82176, 597, 725, -246
82177, 618, 697, -229
82179, 637, 666, -211
82180, 663, 626, -193
82181, 685, 586, -172
82183, 694, 540, -151
82184, 698, 495, -132
82185, 707, 451, -113
82187, 714, 401, -99
82188, 723, 347, -94
82189, 720, 286, -95
82191, 703, 226, -106
82192, 673, 160, -124
82193, 638, 90, -147
82194, 600, 20, -179
82196, 551, -54, -211
82197, 498, -126, -243
82198, 441, -191, -272
82200, 391, -257, -304
82201, 342, -313, -328
82202, 293, -366, -346
82204, 244, -412, -355
82205, 192, -448, -358
82206, 142, -482, -356
82208, 94, -509, -352
82209, 50, -532, -347
82210, 3, -554, -340
82212, -51, -574, -332
82213, -95, -589, -329
82214, -139, -596, -327
82215, -183, -605, -332
82217, -222, -607, -340
82218, -255, -608, -346
82219, -287, -607, -359
82221, -318, -602, -372
82222, -358, -613, -391
82223, -395, -625, -411
82225, -424, -583, -438
82226, -435, -552, -475
82227, -449, -565, -516
82229, -497, -575, -569
82230, -575, -556, -626
82231, -644, -537, -685
82233, -686, -534, -732
82234, -716, -525, -776
82235, -762, -509, -816
82236, -827, -488, -850
82238, -902, -473, -865
82239, -971, -463, -866
82240, -1037, -449, -865
82242, -1108, -427, -855
82243, -1187, -403, -836
82244, -1276, -384, -807
82246, -1360, -362, -772
82247, -1432, -341, -741
82248, -1499, -321, -710
82250, -1560, -301, -674
82251, -1621, -284, -639
82252, -1685, -272, -609
82254, -1753, -261, -579
82255, -1825, -249, -559
82256, -1892, -240, -542
82257, -1961, -243, -526
82259, -2026, -252, -513
82260, -2084, -260, -502
82261, -2142, -270, -493
82263, -2184, -275, -483
82264, -2218, -283, -472
82265, -2245, -297, -466
82267, -2258, -309, -461
82268, -2262, -325, -459
82269, -2262, -335, -458
82271, -2253, -346, -458
82272, -2229, -365, -464
82273, -2197, -386, -468
82275, -2171, -403, -471
82276, -2144, -409, -475
82277, -2121, -421, -482
82279, -2091, -441, -484
82280, -2063, -462, -486
82281, -2042, -486, -488
82282, -2018, -503, -492
82284, -2003, -519, -492
82285, -2003, -546, -493
82286, -2010, -572, -493
82288, -2006, -591, -490
82289, -1997, -610, -487
82290, -2002, -637, -475
82292, -2004, -663, -463
82293, -1995, -680, -455
82294, -1980, -700, -441
82296, -1949, -728, -430
82297, -1905, -761, -421
82298, -1847, -791, -408
82300, -1783, -827, -407
82301, -1734, -854, -411
82302, -1695, -857, -421
82303, -1666, -862, -434
82305, -1630, -884, -451
82306, -1590, -906, -475
82307, -1561, -926, -496
82309, -1531, -937, -518
82310, -1486, -945, -529
82311, -1428, -948, -533
82313, -1368, -940, -531
82314, -1304, -932, -521
82315, -1238, -933, -499
82317, -1167, -939, -479
82318, -1089, -941, -463
82319, -1026, -942, -447
82321, -988, -939, -439
82322, -952, -931, -432
82323, -903, -923, -429
82324, -827, -920, -429
82326, -768, -912, -436
82327, -733, -910, -442
82328, -704, -908, -447
82330, -667, -901, -451
82331, -614, -890, -453
82332, -565, -879, -461
82334, -526, -879, -460
82335, -488, -877, -457
82336, -449, -882, -446
82338, -405, -888, -436
82339, -366, -891, -427
82340, -340, -891, -416
82342, -324, -885, -407
82343, -308, -887, -397
82344, -292, -899, -385
82345, -279, -913, -382
82347, -275, -930, -379
82348, -285, -948, -372
82349, -306, -965, -368
82351, -327, -981, -363
82352, -353, -1001, -359
82353, -381, -1014, -358
82355, -417, -1018, -352
82356, -476, -1033, -340
82357, -547, -1061, -326
82359, -621, -1086, -307
82360, -708, -1110, -286
82361, -820, -1123, -254
82363, -928, -1107, -225
82364, -1022, -1108, -192
82365, -1121, -1162, -146
82366, -1244, -1254, -92
82368, -1388, -1318, -43
82369, -1546, -1311, -8
82370, -1707, -1293, 22
82372, -1886, -1321, 53
82373, -2075, -1380, 96
82374, -2248, -1434, 143
82376, -2400, -1463, 191
82377, -2532, -1474, 238
82378, -2649, -1493, 283
82380, -2749, -1525, 335
82381, -2815, -1557, 384
82382, -2869, -1565, 432
82384, -2913, -1608, 486
82385, -2962, -1662, 541
82386, -3036, -1669, 585
82388, -3123, -1629, 624
82389, -3201, -1586, 661
82390, -3267, -1551, 708
82391, -3341, -1510, 760
82393, -3413, -1482, 823
82394, -3442, -1435, 889
82395, -3418, -1352, 959
82397, -3382, -1239, 1033
82398, -3342, -1126, 1103
82399, -3278, -1023, 1171
82401, -3173, -938, 1248
82402, -3053, -845, 1315
82403, -2983, -693, 1362
82405, -2956, -511, 1393
82406, -2930, -372, 1412
82407, -2886, -266, 1417
82409, -2792, -154, 1403
82410, -2685, 6, 1364
82411, -2609, 178, 1306
82412, -2545, 325, 1230
82414, -2461, 444, 1148
82415, -2342, 557, 1054
82416, -2202, 687, 944
82418, -2048, 817, 825
82419, -1881, 904, 707
82420, -1723, 979, 592
82422, -1566, 1073, 470
82423, -1412, 1180, 341
82424, -1266, 1297, 211
82426, -1145, 1391, 88
82427, -1013, 1454, -33
82428, -854, 1517, -132
82430, -665, 1578, -218
82431, -469, 1638, -293
82432, -253, 1697, -356
82433, -17, 1753, -403
82435, 219, 1792, -427
82436, 442, 1827, -443
82437, 658, 1859, -458
82439, 864, 1878, -465
82440, 1072, 1884, -468
82441, 1267, 1884, -474
82443, 1442, 1867, -481
82444, 1607, 1846, -494
82445, 1761, 1815, -508
82447, 1907, 1772, -523
82448, 2043, 1722, -537
82449, 2162, 1680, -552
82451, 2266, 1649, -575
82452, 2355, 1610, -601
82453, 2431, 1532, -616
82454, 2496, 1435, -619
82456, 2574, 1343, -627
82457, 2641, 1261, -640
82458, 2686, 1178, -652
82460, 2718, 1093, -657
82461, 2737, 1004, -657
82462, 2748, 911, -656
82464, 2753, 825, -655
82465, 2737, 743, -652
82466, 2714, 664, -638
82468, 2683, 589, -618
82469, 2648, 521, -591
82470, 2617, 464, -560
82472, 2575, 406, -519
82473, 2528, 353, -472
82474, 2473, 304, -419
82475, 2420, 261, -371
82477, 2361, 224, -321
82478, 2296, 195, -273
82479, 2232, 170, -230
82481, 2157, 151, -187
82482, 2079, 137, -151
82483, 1993, 131, -129
82485, 1907, 122, -111
82486, 1820, 113, -96
82487, 1731, 105, -83
82489, 1644, 104, -76
82490, 1552, 114, -75
82491, 1452, 124, -72
82493, 1363, 137, -69
82494, 1273, 144, -60
82495, 1186, 147, -52
82497, 1099, 162, -43
82498, 996, 169, -28
82499, 887, 182, -6
82500, 775, 208, 22
82502, 677, 240, 54
82503, 590, 269, 91
82504, 525, 293, 126
82506, 471, 325, 164
82507, 421, 358, 200
82508, 369, 373, 235
82510, 327, 396, 262
82511, 284, 432, 273
82512, 248, 461, 274
82514, 217, 481, 270
82515, 199, 503, 259
82516, 191, 531, 241
82518, 181, 566, 221
82519, 182, 595, 209
82520, 202, 633, 195
82521, 243, 668, 183
82523, 301, 706, 179
82524, 358, 756, 175
82525, 419, 802, 170
82527, 471, 837, 167
82528, 532, 875, 159
82529, 585, 916, 154
82531, 632, 955, 145
82532, 681, 1007, 137
82533, 727, 1046, 138
82535, 776, 1072, 142
82536, 838, 1105, 147
82537, 905, 1143, 156
82539, 975, 1173, 171
82540, 1044, 1205, 188
82541, 1109, 1229, 200
82542, 1171, 1254, 215
82544, 1219, 1270, 222
82545, 1260, 1284, 232
82546, 1293, 1289, 246
82548, 1332, 1294, 255
82549, 1386, 1301, 257
82550, 1454, 1297, 259
82552, 1521, 1280, 256
82553, 1563, 1264, 252
82554, 1591, 1247, 240
82556, 1622, 1220, 226
82557, 1641, 1185, 215
82558, 1659, 1156, 207
82560, 1665, 1128, 209
82561, 1674, 1100, 217
82562, 1702, 1071, 233
82563, 1737, 1040, 259
82565, 1775, 1006, 293
82566, 1799, 963, 327
82567, 1808, 932, 362
82569, 1814, 907, 393
82570, 1806, 876, 414
82571, 1796, 840, 438
82573, 1777, 795, 466
82574, 1751, 754, 491
82575, 1729, 717, 517
82577, 1697, 678, 545
82578, 1675, 645, 568
82579, 1643, 616, 595
82581, 1602, 582, 619
82582, 1551, 544, 640
82583, 1499, 513, 660
82584, 1447, 496, 678
82586, 1396, 468, 704
82587, 1356, 436, 724
82588, 1313, 405, 735
82590, 1248, 378, 744
82591, 1189, 367, 750
82592, 1135, 361, 751
82594, 1089, 345, 756
82595, 1044, 331, 763
82596, 991, 333, 768
82598, 941, 348, 778
82599, 903, 363, 795
82600, 880, 376, 818
82602, 872, 400, 840
82603, 862, 432, 861
82604, 851, 469, 885
82606, 835, 503, 910
82607, 820, 541, 930
82608, 811, 587, 948
82609, 795, 634, 964
82611, 781, 673, 988
82612, 770, 711, 1014
82613, 772, 760, 1036
82615, 780, 816, 1055
82616, 781, 861, 1074
82617, 794, 910, 1090
82619, 803, 960, 1098
82620, 808, 1003, 1102
82621, 813, 1041, 1103
82623, 816, 1077, 1095
82624, 831, 1110, 1086
82625, 846, 1143, 1077
82627, 862, 1170, 1066
82628, 888, 1198, 1057
82629, 919, 1224, 1043
82630, 963, 1245, 1036
82632, 1004, 1266, 1033
82633, 1046, 1285, 1028
82634, 1099, 1305, 1030
82636, 1154, 1326, 1032
82637, 1215, 1341, 1031
82638, 1278, 1356, 1039
82640, 1337, 1361, 1046
82641, 1404, 1371, 1049
82642, 1474, 1378, 1052
82644, 1544, 1378, 1058
82645, 1609, 1380, 1062
82646, 1672, 1374, 1069
82648, 1732, 1362, 1072
82649, 1792, 1347, 1074
82650, 1852, 1333, 1077
82651, 1906, 1317, 1082
82653, 1963, 1295, 1081
82654, 2022, 1278, 1081
82655, 2070, 1250, 1079
82657, 2122, 1218, 1076
82658, 2170, 1192, 1070
82659, 2216, 1162, 1063
82661, 2264, 1129, 1054
82662, 2306, 1096, 1037
82663, 2338, 1068, 1022
82665, 2372, 1040, 1015
82666, 2413, 1011, 1011
82667, 2466, 992, 1009
82669, 2517, 989, 1033
82670, 2526, 981, 1079
82671, 2521, 960, 1132
82672, 2553, 944, 1179
82674, 2610, 934, 1210
82675, 2635, 917, 1228
82676, 2627, 893, 1228
82678, 2603, 863, 1213
82679, 2573, 818, 1183
82680, 2542, 764, 1140
82682, 2492, 708, 1087
82683, 2433, 653, 1032
82684, 2365, 601, 982
82686, 2301, 552, 939
82687, 2240, 508, 901
82688, 2165, 462, 875
82690, 2088, 415, 859
82691, 2013, 380, 855
82692, 1940, 350, 857
82693, 1874, 328, 865
82695, 1802, 309, 878
82696, 1720, 298, 896
82697, 1630, 286, 926
82699, 1536, 271, 963
82700, 1451, 266, 1001
82701, 1372, 269, 1040
82703, 1299, 284, 1082
82704, 1218, 303, 1117
82705, 1139, 320, 1153
82707, 1070, 345, 1180
82708, 1000, 371, 1207
82709, 938, 397, 1226
82711, 880, 419, 1239
82712, 830, 448, 1243
82713, 789, 485, 1230
82715, 748, 521, 1207
82716, 701, 545, 1180
82717, 652, 565, 1149
82718, 619, 599, 1106
82720, 605, 634, 1055
82721, 586, 664, 991
82722, 567, 694, 924
82724, 551, 723, 857
82725, 541, 753, 787
82726, 532, 781, 718
82728, 521, 807, 649
82729, 517, 836, 585
82730, 508, 862, 522
82732, 500, 889, 470
82733, 498, 914, 421
82734, 501, 944, 376
82736, 512, 977, 339
82737, 520, 1013, 305
82738, 534, 1042, 276
82739, 558, 1071, 247
82741, 575, 1094, 211
82742, 594, 1119, 174
82743, 612, 1140, 142
82745, 628, 1154, 101
82746, 644, 1166, 54
82747, 656, 1170, -2
82749, 667, 1166, -59
82750, 667, 1158, -115
82751, 666, 1147, -168
82753, 669, 1130, -222
82754, 668, 1108, -274
82755, 665, 1080, -324
82757, 654, 1049, -363
82758, 646, 1012, -394
82759, 639, 973, -420
82760, 626, 933, -437
82762, 613, 895, -444
82763, 599, 852, -444
82764, 585, 808, -437
82766, 573, 759, -427
82767, 555, 711, -417
82768, 542, 665, -401
82770, 531, 611, -385
82771, 518, 552, -371
82772, 509, 495, -358
82774, 493, 435, -350
82775, 475, 373, -346
82776, 454, 316, -346
82778, 433, 253, -346
82779, 416, 195, -356
82780, 400, 138, -376
82781, 389, 85, -397
82783, 370, 36, -418
82784, 343, -16, -448
82785, 317, -63, -483
82787, 284, -103, -517
82788, 254, -139, -551
82789, 220, -175, -586
82791, 175, -211, -620
82792, 121, -239, -653
82793, 65, -261, -686
82795, 11, -282, -710
82796, -52, -298, -733
82797, -105, -309, -749
82799, -162, -320, -767
82800, -220, -338, -777
82801, -260, -339, -789
82802, -298, -315, -805
82804, -342, -298, -819
82805, -383, -283, -833
82806, -435, -272, -845
82808, -485, -259, -858
82809, -533, -238, -872
82810, -563, -214, -891
82812, -590, -187, -921
82813, -638, -163, -952
82814, -701, -143, -983
82816, -763, -120, -1015
82817, -807, -100, -1049
82818, -849, -78, -1080
82820, -900, -51, -1111
82821, -952, -17, -1133
82822, -1002, 7, -1146
82824, -1048, 26, -1160
82825, -1081, 53, -1174
82826, -1116, 86, -1186
82827, -1152, 117, -1202
82829, -1196, 129, -1214
82830, -1241, 136, -1225
82831, -1287, 151, -1241
82833, -1328, 160, -1257
82834, -1358, 160, -1272
82835, -1393, 172, -1286
82837, -1443, 177, -1302
82838, -1491, 163, -1310
82839, -1530, 155, -1312
82841, -1547, 157, -1313
82842, -1554, 159, -1308
82843, -1568, 155, -1300
82845, -1585, 145, -1289
82846, -1600, 138, -1276
82847, -1597, 139, -1263
82848, -1601, 126, -1251
82850, -1615, 106, -1238
82851, -1621, 92, -1234
82852, -1625, 79, -1238
82854, -1620, 53, -1245
82855, -1618, 18, -1255
82856, -1623, -19, -1271
82858, -1628, -58, -1296
82859, -1630, -94, -1330
82860, -1628, -131, -1360
82862, -1629, -166, -1388
82863, -1622, -201, -1422
82864, -1604, -227, -1452
82866, -1575, -260, -1480
82867, -1567, -308, -1496
82868, -1574, -358, -1503
82869, -1563, -404, -1503
82871, -1542, -428, -1501
82872, -1538, -463, -1497
82873, -1539, -503, -1487
82875, -1541, -540, -1469
82876, -1539, -577, -1445
82877, -1524, -594, -1422
82879, -1517, -616, -1398
82880, -1511, -643, -1372
82881, -1503, -669, -1341
82883, -1483, -697, -1317
82884, -1454, -721, -1294
82885, -1433, -755, -1271
82887, -1417, -786, -1253
82888, -1403, -807, -1237
82889, -1394, -830, -1227
82890, -1386, -864, -1214
82892, -1380, -898, -1206
82893, -1365, -928, -1193
82894, -1356, -957, -1174
82896, -1352, -994, -1153
82897, -1338, -1027, -1135
82898, -1311, -1061, -1113
82900, -1266, -1091, -1085
82901, -1214, -1110, -1058
82902, -1145, -1130, -1039
82904, -1075, -1153, -1022
82905, -1019, -1192, -1017
82906, -976, -1243, -1016
82908, -933, -1294, -1025
82909, -882, -1345, -1049
82910, -843, -1404, -1083
82911, -824, -1462, -1113
82913, -812, -1505, -1146
82914, -797, -1550, -1167
82915, -755, -1605, -1173
82917, -683, -1625, -1177
82918, -626, -1641, -1174
82919, -587, -1678, -1154
82921, -550, -1700, -1128
82922, -507, -1704, -1095
82923, -461, -1692, -1061
82925, -425, -1679, -1021
82926, -386, -1670, -975
82927, -334, -1673, -923
82929, -276, -1678, -877
82930, -198, -1676, -842
82931, -129, -1660, -824
82933, -74, -1634, -812
82934, -32, -1614, -810
82935, 15, -1598, -813
82936, 61, -1589, -825
82938, 100, -1592, -844
82939, 140, -1593, -862
82940, 179, -1592, -878
82942, 218, -1591, -895
82943, 260, -1588, -912
82944, 297, -1589, -924
82946, 335, -1584, -930
82947, 372, -1576, -938
82948, 397, -1568, -946
82950, 418, -1559, -948
82951, 431, -1550, -950
82952, 439, -1528, -955
82954, 431, -1515, -957
82955, 414, -1512, -958
82956, 379, -1509, -959
82957, 332, -1501, -960
82959, 290, -1489, -955
82960, 243, -1478, -943
82961, 190, -1475, -925
82963, 124, -1468, -908
82964, 49, -1454, -891
82965, -40, -1433, -866
82967, -133, -1409, -840
82968, -225, -1396, -815
82969, -327, -1386, -785
82971, -440, -1379, -753
82972, -563, -1361, -718
82973, -680, -1326, -681
82975, -796, -1291, -646
82976, -916, -1276, -604
82977, -1049, -1273, -565
82978, -1179, -1263, -528
82980, -1327, -1242, -497
82981, -1497, -1222, -465
82982, -1666, -1203, -439
82984, -1829, -1182, -414
82985, -1972, -1156, -385
82986, -2111, -1129, -348
82988, -2241, -1116, -305
82989, -2357, -1089, -259
82990, -2461, -1048, -213
82992, -2553, -1008, -166
82993, -2615, -974, -114
82994, -2646, -958, -62
82996, -2662, -931, -4
82997, -2679, -892, 51
82998, -2699, -855, 95
82999, -2729, -838, 148
83001, -2762, -820, 195
83002, -2779, -806, 234
83003, -2794, -782, 264
83005, -2830, -748, 301
83006, -2885, -700, 338
83007, -2925, -659, 376
83009, -2938, -639, 418
83010, -2926, -618, 461
83011, -2893, -569, 509
83013, -2872, -508, 557
83014, -2850, -459, 604
83015, -2794, -416, 646
83017, -2713, -367, 678
83018, -2619, -294, 699
83019, -2527, -234, 714
83020, -2414, -213, 727
83022, -2287, -194, 727
83023, -2201, -137, 712
83024, -2176, -40, 681
83026, -2135, 56, 647
83027, -2014, 128, 612
83028, -1880, 167, 585
83030, -1764, 194, 560
83031, -1643, 232, 535
83032, -1516, 271, 516
83034, -1390, 308, 502
83035, -1266, 370, 485
83036, -1146, 449, 466
83038, -1021, 523, 453
83039, -915, 578, 446
83040, -819, 616, 434
83042, -707, 651, 424
83043, -589, 684, 409
83044, -467, 723, 393
83045, -345, 763, 373
83047, -218, 797, 349
83048, -80, 824, 320
83049, 62, 841, 289
83051, 197, 858, 260
83052, 326, 869, 226
83053, 449, 874, 192
83055, 574, 879, 157
83056, 698, 879, 118
83057, 820, 873, 85
83059, 933, 866, 60
83060, 1046, 859, 36
83061, 1158, 856, 15
83063, 1260, 849, -2
83064, 1357, 837, -12
83065, 1433, 819, -12
83066, 1493, 796, -12
83068, 1541, 773, -7
83069, 1572, 744, 5
83070, 1595, 711, 25
83072, 1600, 682, 51
83073, 1590, 646, 80
83074, 1570, 613, 114
83076, 1533, 578, 150
83077, 1485, 546, 195
83078, 1432, 515, 241
83080, 1373, 480, 292
83081, 1310, 445, 338
83082, 1241, 411, 386
83084, 1162, 379, 434
83085, 1076, 349, 483
83086, 984, 318, 532
83087, 891, 290, 576
83089, 798, 261, 613
83090, 705, 240, 648
83091, 613, 220, 678
83093, 530, 203, 706
83094, 453, 191, 729
83095, 381, 179, 748
83097, 322, 172, 765
83098, 265, 173, 780
83099, 215, 188, 787
83101, 175, 194, 796
83102, 138, 202, 805
83103, 113, 227, 816
83105, 97, 259, 828
83106, 91, 292, 841
83107, 91, 332, 858
83108, 97, 375, 877
83110, 111, 423, 897
83111, 125, 477, 915
83112, 145, 531, 936
83114, 168, 584, 956
83115, 191, 639, 974
83116, 216, 698, 991
83118, 247, 754, 1009
83119, 286, 808, 1030
83120, 336, 862, 1049
83122, 385, 912, 1073
83123, 441, 963, 1090
83124, 500, 1013, 1107
83126, 566, 1056, 1121
83127, 642, 1097, 1125
83128, 724, 1137, 1126
83129, 810, 1173, 1126
83131, 893, 1196, 1119
83132, 976, 1219, 1109
83133, 1063, 1244, 1098
83135, 1141, 1252, 1080
83136, 1222, 1264, 1062
83137, 1306, 1275, 1047
83139, 1391, 1285, 1034
83140, 1475, 1292, 1023
83141, 1560, 1294, 1021
83143, 1637, 1297, 1030
83144, 1707, 1301, 1049
83145, 1786, 1302, 1072
83147, 1866, 1305, 1101
83148, 1942, 1303, 1135
83149, 2017, 1300, 1173
83151, 2083, 1297, 1212
83152, 2143, 1287, 1243
83153, 2188, 1273, 1270
83154, 2224, 1257, 1293
83156, 2252, 1236, 1314
83157, 2276, 1211, 1330
83158, 2287, 1180, 1340
83160, 2296, 1147, 1343
83161, 2292, 1117, 1345
83162, 2285, 1087, 1344
83164, 2273, 1053, 1346
83165, 2260, 1013, 1353
83166, 2235, 976, 1360
83168, 2205, 944, 1369
83169, 2177, 919, 1387
83170, 2147, 896, 1405
83172, 2110, 871, 1428
83173, 2068, 854, 1452
83174, 2031, 842, 1476
83175, 1996, 836, 1511
83177, 1949, 829, 1546
83178, 1905, 830, 1589
83179, 1868, 835, 1628
83181, 1829, 840, 1666
83182, 1788, 848, 1706
83183, 1743, 855, 1740
83185, 1704, 856, 1776
83186, 1670, 865, 1806
83187, 1636, 872, 1826
83189, 1602, 877, 1837
83190, 1565, 879, 1852
83191, 1534, 880, 1856
83193, 1511, 887, 1853
83194, 1494, 897, 1844
83195, 1487, 912, 1831
83196, 1482, 930, 1819
83198, 1478, 939, 1807
83199, 1473, 950, 1792
83200, 1473, 967, 1776
83202, 1485, 992, 1760
83203, 1502, 1024, 1741
83204, 1514, 1054, 1725
83206, 1527, 1076, 1712
83207, 1541, 1092, 1698
83208, 1561, 1113, 1684
83210, 1578, 1142, 1677
83211, 1597, 1163, 1671
83212, 1620, 1188, 1660
83214, 1651, 1204, 1649
83215, 1685, 1214, 1645
83216, 1715, 1215, 1644
83217, 1761, 1216, 1641
83219, 1817, 1226, 1632
83220, 1866, 1231, 1619
83221, 1900, 1226, 1608
83223, 1920, 1222, 1600
83224, 1951, 1230, 1595
83225, 1975, 1263, 1607
83227, 1920, 1282, 1660
83228, 1891, 1260, 1726
83229, 1969, 1226, 1792
83231, 2096, 1212, 1843
83232, 2161, 1212, 1874
83233, 2160, 1197, 1883
83235, 2163, 1163, 1873
83236, 2195, 1114, 1832
83237, 2237, 1057, 1767
83238, 2250, 991, 1677
83240, 2223, 909, 1578
83241, 2184, 823, 1477
83242, 2152, 744, 1372
83244, 2134, 670, 1270
83245, 2115, 598, 1179
83246, 2085, 521, 1091
83248, 2050, 448, 1013
83249, 2019, 383, 952
83250, 2008, 324, 898
83252, 2002, 273, 852
83253, 1978, 220, 812
83254, 1950, 173, 777
83256, 1925, 133, 750
83257, 1912, 97, 733
83258, 1897, 62, 714
83260, 1874, 33, 694
83261, 1847, 3, 670
83262, 1818, -23, 652
83263, 1786, -49, 637
83265, 1757, -67, 617
83266, 1737, -86, 590
83267, 1711, -98, 565
83269, 1680, -110, 535
83270, 1646, -115, 500
83271, 1614, -115, 461
83273, 1578, -116, 417
83274, 1536, -115, 375
83275, 1497, -107, 338
83277, 1464, -93, 301
83278, 1433, -78, 262
83279, 1409, -54, 222
83281, 1387, -12, 186
83282, 1354, 22, 159
83283, 1314, 48, 128
83284, 1272, 80, 97
83286, 1231, 109, 67
83287, 1190, 131, 42
83288, 1141, 153, 16
83290, 1089, 189, -2
83291, 1034, 235, -27
83292, 981, 286, -43
83294, 924, 344, -53
83295, 869, 382, -58
83296, 822, 401, -64
83298, 776, 424, -72
83299, 730, 451, -81
83300, 678, 484, -92
83302, 612, 515, -98
83303, 546, 540, -101
83304, 482, 571, -109
83305, 413, 595, -115
83307, 351, 624, -118
83308, 285, 651, -118
83309, 215, 675, -108
83311, 147, 705, -102
83312, 84, 731, -91
83313, 23, 758, -79
83315, -54, 783, -64
83316, -128, 804, -47
83317, -197, 826, -33
83319, -271, 847, -21
83320, -344, 871, -6
83321, -446, 865, 15
83323, -518, 897, 19
83324, -536, 931, 6
83325, -558, 939, -27
83326, -653, 925, -77
83328, -764, 905, -143
83329, -835, 880, -233
83330, -908, 847, -333
83332, -1029, 800, -435
83333, -1162, 762, -536
83334, -1276, 726, -622
83336, -1360, 695, -683
83337, -1425, 674, -718
83338, -1479, 671, -714
83340, -1516, 681, -675
83341, -1531, 703, -604
83342, -1532, 730, -509
83344, -1517, 771, -399
83345, -1484, 826, -284
83346, -1442, 872, -168
83347, -1408, 896, -60
83349, -1370, 905, 29
83350, -1322, 907, 78
83351, -1276, 900, 87
83353, -1236, 878, 60
83354, -1203, 837, -8
83355, -1175, 780, -106
83357, -1143, 713, -221
83358, -1117, 639, -352
83359, -1087, 553, -488
83361, -1048, 480, -622
83362, -1003, 401, -749
83363, -952, 323, -858
83365, -894, 251, -946
83366, -828, 190, -1010
83367, -760, 132, -1050
83369, -673, 82, -1075
83370, -591, 48, -1080
83371, -523, 16, -1069
83372, -462, -21, -1040
83374, -382, -58, -995
83375, -292, -90, -949
83376, -211, -118, -903
83378, -148, -150, -862
83379, -95, -195, -822
83380, -42, -252, -790
83382, 29, -295, -780
83383, 103, -322, -790
83384, 166, -362, -812
83386, 200, -421, -847
83387, 218, -483, -904
83388, 236, -545, -974
83390, 260, -601, -1061
83391, 279, -655, -1153
83392, 299, -704, -1248
83393, 301, -748, -1336
83395, 291, -787, -1424
83396, 267, -821, -1512
83397, 242, -857, -1589
83399, 217, -883, -1656
83400, 184, -894, -1712
83401, 148, -904, -1762
83403, 105, -913, -1800
83404, 59, -916, -1826
83405, 17, -906, -1841
83407, -40, -895, -1849
83408, -102, -892, -1847
83409, -162, -880, -1842
83411, -222, -859, -1838
83412, -285, -832, -1833
83413, -358, -800, -1826
83414, -439, -766, -1825
83416, -527, -733, -1834
83417, -631, -697, -1845
83418, -754, -659, -1854
83420, -884, -622, -1866
83421, -1013, -587, -1873
83422, -1154, -548, -1882
83424, -1295, -506, -1886
83425, -1442, -464, -1882
83426, -1597, -420, -1866
83428, -1748, -377, -1844
83429, -1893, -328, -1819
83430, -2039, -279, -1785
83432, -2194, -231, -1738
83433, -2335, -184, -1691
83434, -2459, -140, -1642
83435, -2569, -86, -1597
83437, -2663, -20, -1552
83438, -2759, 18, -1507
83439, -2853, 29, -1464
83441, -2934, 42, -1428
83442, -2996, 63, -1403
83443, -3041, 80, -1389
83445, -3082, 91, -1373
83446, -3125, 93, -1356
83447, -3156, 90, -1340
83449, -3168, 90, -1327
83450, -3168, 93, -1316
83451, -3161, 91, -1296
83453, -3157, 85, -1272
83454, -3134, 84, -1244
83455, -3079, 101, -1215
83456, -3019, 109, -1191
83458, -2987, 117, -1156
83459, -3001, 188, -1124
83460, -2947, 217, -1075
83462, -2818, 227, -998
83463, -2686, 207, -899
83464, -2541, 166, -789
83466, -2373, 164, -673
83467, -2221, 177, -561
83468, -2055, 166, -446
83470, -1857, 128, -343
83471, -1657, 89, -264
83472, -1484, 46, -209
83474, -1332, -17, -175
83475, -1165, -86, -173
83476, -992, -163, -200
83478, -818, -241, -249
83479, -646, -333, -313
83480, -482, -436, -398
83481, -321, -551, -497
83483, -157, -664, -612
83484, 24, -771, -734
83485, 193, -888, -853
83487, 347, -1006, -967
83488, 490, -1108, -1075
83489, 626, -1207, -1165
83491, 758, -1307, -1233
83492, 873, -1396, -1280
83493, 975, -1478, -1312
83495, 1061, -1549, -1323
83496, 1138, -1612, -1318
83497, 1204, -1678, -1292
83499, 1250, -1737, -1257
83500, 1279, -1782, -1210
83501, 1296, -1811, -1165
83502, 1301, -1847, -1117
83504, 1291, -1873, -1061
83505, 1259, -1897, -999
83506, 1212, -1926, -946
83508, 1157, -1940, -901
83509, 1089, -1946, -859
83510, 1001, -1957, -817
83512, 892, -1974, -771
83513, 786, -1990, -724
83514, 682, -1985, -685
83516, 564, -1970, -638
83517, 448, -1943, -582
83518, 346, -1899, -530
83520, 237, -1867, -461
83521, 123, -1824, -386
83522, 5, -1781, -310
83523, -96, -1720, -233
83525, -163, -1652, -151
83526, -231, -1586, -68
83527, -319, -1520, 18
83529, -409, -1439, 98
83530, -456, -1348, 165
83531, -495, -1259, 230
83533, -544, -1178, 289
83534, -594, -1095, 335
83535, -625, -1001, 364
83537, -640, -923, 394
83538, -644, -855, 418
83539, -510, -786, 428
83541, -391, -720, 429
83542, -449, -681, 415
83543, -523, -648, 369
83544, -521, -616, 291
83546, -488, -601, 193
83547, -511, -605, 90
83548, -565, -581, -23
83550, -598, -541, -124
83551, -597, -513, -199
83552, -528, -480, -253
83554, -433, -433, -289
83555, -407, -384, -305
83556, -426, -340, -299
83558, -389, -267, -279
83559, -311, -194, -234
83560, -256, -125, -165
83562, -235, -66, -75
83563, -196, 22, 35
83564, -125, 116, 141
83565, -66, 183, 247
83567, -14, 256, 345
83568, 38, 331, 428
83569, 88, 394, 490
83571, 115, 439, 523
83572, 139, 481, 535
83573, 174, 524, 521
83575, 203, 541, 482
83576, 225, 545, 435
83577, 222, 541, 382
83579, 206, 545, 322
83580, 217, 538, 261
83581, 238, 533, 208
83583, 249, 521, 172
83584, 275, 513, 149
83585, 332, 500, 131
83587, 394, 487, 119
83588, 417, 488, 111
83589, 398, 496, 114
83590, 375, 510, 130
83592, 387, 513, 164
83593, 418, 517, 210
83594, 450, 519, 269
83596, 486, 525, 342
83597, 530, 539, 416
83598, 581, 545, 488
83600, 629, 543, 556
83601, 654, 535, 615
83602, 662, 535, 666
83604, 676, 527, 709
83605, 705, 511, 743
83606, 731, 493, 767
83608, 733, 478, 783
83609, 744, 470, 797
83610, 772, 451, 809
83611, 798, 424, 821
83613, 822, 400, 829
83614, 848, 381, 826
83615, 870, 355, 817
83617, 890, 327, 804
83618, 901, 302, 785
83619, 897, 277, 761
83621, 883, 255, 732
83622, 874, 237, 712
83623, 877, 226, 700
83625, 888, 213, 695
83626, 908, 206, 698
83627, 928, 204, 706
83629, 952, 206, 721
83630, 967, 212, 739
83631, 978, 219, 757
83632, 983, 236, 776
83634, 979, 250, 796
83635, 985, 265, 820
83636, 992, 288, 843
83638, 995, 317, 869
83639, 1004, 342, 894
83640, 1017, 367, 921
83642, 1030, 395, 949
83643, 1037, 426, 979
83644, 1043, 455, 1005
83646, 1052, 482, 1028
83647, 1060, 509, 1042
83648, 1071, 537, 1055
83650, 1076, 559, 1067
83651, 1081, 575, 1073
83652, 1085, 594, 1073
83653, 1082, 607, 1068
83655, 1085, 621, 1065
83656, 1088, 633, 1057
83657, 1089, 643, 1053
83659, 1103, 655, 1050
83660, 1108, 669, 1046
83661, 1118, 686, 1049
83663, 1125, 699, 1052
83664, 1129, 707, 1059
83665, 1138, 720, 1063
83667, 1144, 731, 1068
83668, 1152, 744, 1082
83669, 1155, 754, 1094
83671, 1160, 769, 1111
83672, 1180, 786, 1129
83673, 1195, 799, 1144
83674, 1208, 811, 1166
83676, 1220, 831, 1184
83677, 1244, 845, 1199
83678, 1265, 860, 1207
83680, 1269, 868, 1215
83681, 1275, 879, 1219
83682, 1276, 890, 1221
83684, 1276, 899, 1217
83685, 1271, 903, 1210
83686, 1261, 901, 1206
83688, 1257, 907, 1203
83689, 1251, 919, 1201
83690, 1238, 923, 1200
83692, 1229, 919, 1204
83693, 1219, 920, 1205
83694, 1225, 929, 1206
83696, 1224, 944, 1204
83697, 1216, 956, 1199
83698, 1219, 971, 1191
83699, 1219, 987, 1176
83701, 1214, 998, 1166
83702, 1207, 1016, 1152
83703, 1196, 1039, 1138
83705, 1195, 1056, 1128
83706, 1189, 1065, 1121
83707, 1181, 1087, 1120
83709, 1184, 1122, 1125
83710, 1198, 1152, 1138
83711, 1214, 1180, 1160
83713, 1223, 1207, 1189
83714, 1241, 1236, 1227
83715, 1269, 1256, 1276
83717, 1302, 1271, 1323
83718, 1348, 1294, 1373
83719, 1405, 1320, 1418
83720, 1468, 1333, 1462
83722, 1525, 1338, 1502
83723, 1590, 1345, 1533
83724, 1643, 1333, 1561
83726, 1690, 1312, 1579
83727, 1758, 1297, 1590
83728, 1829, 1280, 1602
83730, 1890, 1246, 1606
83731, 1946, 1205, 1601
83732, 2000, 1157, 1592
83734, 2070, 1103, 1589
83735, 2134, 1047, 1581
83736, 2188, 980, 1570
83738, 2245, 918, 1561
83739, 2315, 854, 1551
83740, 2389, 782, 1541
83741, 2448, 712, 1527
83743, 2503, 645, 1511
83744, 2573, 573, 1488
83745, 2643, 492, 1464
83747, 2705, 416, 1438
83748, 2761, 348, 1411
83749, 2820, 274, 1375
83751, 2891, 196, 1333
83752, 2957, 123, 1288
83753, 3008, 57, 1234
83755, 3052, -15, 1179
83756, 3098, -86, 1122
83757, 3142, -136, 1059
83759, 3173, -175, 991
83760, 3198, -226, 929
83761, 3236, -262, 872
83762, 3261, -293, 824
83764, 3274, -327, 776
83765, 3277, -337, 722
83766, 3282, -339, 675
83768, 3273, -352, 639
83769, 3262, -360, 607
83770, 3248, -339, 575
83772, 3220, -325, 549
83773, 3179, -312, 538
83774, 3126, -278, 533
83776, 3061, -191, 555
83777, 2898, -82, 629
83778, 2755, -27, 736
83780, 2723, 4, 845
83781, 2755, 71, 932
83782, 2777, 152, 1006
83783, 2761, 233, 1060
83785, 2713, 305, 1095
83786, 2687, 361, 1094
83787, 2680, 404, 1060
83789, 2669, 433, 992
83790, 2641, 446, 894
83791, 2602, 454, 769
83793, 2540, 456, 634
83794, 2462, 453, 489
83795, 2386, 469, 342
83797, 2325, 474, 204
83798, 2262, 475, 70
83799, 2191, 487, -49
83801, 2121, 509, -143
83802, 2050, 525, -211
83803, 1972, 556, -254
83805, 1892, 602, -281
83806, 1826, 653, -282
83807, 1751, 697, -259
83808, 1668, 724, -214
83810, 1593, 773, -160
83811, 1522, 831, -99
83812, 1451, 877, -25
83814, 1364, 911, 62
83815, 1286, 933, 139
83816, 1235, 955, 206
83818, 1185, 949, 269
83819, 1112, 925, 328
83820, 1024, 908, 368
83822, 939, 901, 394
83823, 864, 886, 403
83824, 787, 845, 400
83826, 708, 790, 394
83827, 634, 750, 369
83828, 556, 701, 327
83829, 474, 649, 276
83831, 381, 598, 217
83832, 296, 552, 154
83833, 206, 502, 84
83835, 116, 439, 9
83836, 29, 390, -64
83837, -64, 345, -130
83839, -141, 306, -187
83840, -218, 268, -236
83841, -317, 211, -276
83843, -364, 200, -329
83844, -357, 142, -408
83845, -301, 118, -530
83847, -379, 136, -679
83848, -571, 103, -813
83849, -737, 29, -923
83850, -803, -23, -1025
83852, -794, -58, -1106
83853, -816, -63, -1165
83854, -930, -27, -1201
83856, -1050, 36, -1205
83857, -1085, 93, -1175
83858, -1028, 156, -1106
83860, -957, 222, -1014
83861, -919, 295, -923
83862, -905, 380, -855
83864, -907, 461, -799
83865, -911, 535, -765
83866, -927, 581, -764
83868, -957, 604, -796
83869, -943, 667, -879
83870, -975, 695, -996
83871, -1070, 667, -1101
83873, -1168, 619, -1197
83874, -1180, 577, -1288
83875, -1159, 525, -1362
83877, -1189, 485, -1414
83878, -1245, 501, -1453
83879, -1304, 531, -1470
83881, -1333, 533, -1457
83882, -1309, 525, -1429
83883, -1283, 528, -1401
83885, -1291, 525, -1359
83886, -1337, 506, -1313
83887, -1373, 493, -1278
83889, -1383, 489, -1258
83890, -1384, 485, -1251
83891, -1399, 471, -1248
83892, -1444, 439, -1252
83894, -1483, 398, -1262
83895, -1491, 361, -1278
83896, -1488, 330, -1300
83898, -1489, 287, -1321
83899, -1511, 234, -1336
83900, -1533, 179, -1352
83902, -1541, 126, -1373
83903, -1544, 79, -1397
83904, -1539, 34, -1415
83906, -1541, -13, -1428
83907, -1541, -65, -1440
83908, -1531, -117, -1447
83910, -1519, -175, -1452
83911, -1493, -228, -1453
83912, -1470, -269, -1458
83914, -1447, -306, -1471
83915, -1426, -350, -1492
83916, -1415, -400, -1521
83917, -1393, -444, -1559
83919, -1375, -485, -1604
83920, -1371, -537, -1656
83921, -1374, -598, -1715
83923, -1375, -646, -1782
83924, -1343, -699, -1856
83925, -1334, -769, -1928
83927, -1361, -860, -2000
83928, -1353, -939, -2069
83929, -1330, -1014, -2129
83931, -1332, -1082, -2178
83932, -1370, -1143, -2216
83933, -1394, -1207, -2244
83935, -1396, -1275, -2266
83936, -1404, -1348, -2277
83937, -1425, -1421, -2272
83938, -1468, -1480, -2259
83940, -1520, -1534, -2241
83941, -1554, -1588, -2202
83942, -1583, -1657, -2138
83944, -1638, -1716, -2059
83945, -1694, -1747, -1962
83946, -1708, -1771, -1863
83948, -1698, -1791, -1772
83949, -1735, -1834, -1672
83950, -1787, -1883, -1571
83952, -1822, -1909, -1478
83953, -1827, -1943, -1391
83954, -1854, -2001, -1299
83956, -1905, -2061, -1223
83957, -1969, -2099, -1159
83958, -2009, -2132, -1106
83959, -2048, -2169, -1062
83961, -2109, -2226, -1018
83962, -2142, -2294, -973
83963, -2140, -2346, -943
83965, -2131, -2366, -926
83966, -2127, -2380, -911
83967, -2148, -2403, -898
83969, -2124, -2449, -886
83970, -2045, -2495, -875
83971, -1992, -2533, -874
83973, -1996, -2549, -890
83974, -2017, -2560, -913
83975, -1995, -2567, -925
83977, -1925, -2566, -927
83978, -1861, -2562, -916
83979, -1855, -2555, -888
83980, -1838, -2558, -849
83982, -1774, -2575, -801
83983, -1637, -2542, -761
83984, -1521, -2482, -730
83986, -1455, -2436, -700
83987, -1368, -2400, -667
83988, -1246, -2370, -636
83990, -1112, -2337, -604
83991, -993, -2306, -574
83992, -876, -2282, -566
83994, -756, -2257, -577
83995, -652, -2237, -606
83996, -555, -2214, -654
83998, -486, -2199, -717
83999, -471, -2177, -791
84000, -472, -2132, -881
84001, -472, -2096, -975
84003, -457, -2064, -1058
84004, -448, -2032, -1133
84005, -457, -1988, -1198
84007, -481, -1924, -1248
84008, -500, -1868, -1279
84009, -514, -1818, -1280
84011, -527, -1783, -1258
84012, -538, -1741, -1222
84013, -532, -1684, -1178
84015, -544, -1633, -1120
84016, -583, -1588, -1051
84017, -626, -1548, -973
84019, -653, -1503, -893
84020, -671, -1467, -810
84021, -710, -1437, -726
84023, -743, -1407, -644
84024, -764, -1382, -562
84025, -794, -1349, -490
84026, -834, -1323, -427
84028, -881, -1312, -373
84029, -916, -1289, -330
84030, -952, -1288, -297
84032, -1012, -1292, -271
84033, -1078, -1292, -257
84034, -1134, -1318, -246
84036, -1179, -1330, -239
84037, -1226, -1345, -242
84038, -1283, -1368, -240
84040, -1334, -1381, -237
84041, -1388, -1401, -226
84042, -1432, -1414, -206
84044, -1477, -1421, -182
84045, -1539, -1433, -148
84046, -1577, -1429, -119
84047, -1580, -1427, -91
84049, -1586, -1424, -58
84050, -1610, -1418, -27
84051, -1653, -1414, 12
84053, -1671, -1393, 38
84054, -1672, -1385, 67
84055, -1665, -1372, 94
84057, -1635, -1344, 113
84058, -1616, -1328, 129
84059, -1626, -1317, 140
84061, -1611, -1282, 137
84062, -1567, -1245, 132
84063, -1520, -1225, 126
84065, -1482, -1203, 123
84066, -1443, -1164, 113
84067, -1392, -1124, 105
84068, -1325, -1093, 102
84070, -1232, -1051, 93
84071, -1119, -1007, 76
84072, -1021, -989, 56
84074, -942, -959, 31
84075, -850, -932, -5
84076, -753, -904, -38
84078, -689, -869, -72
84079, -668, -843, -99
84080, -617, -796, -133
84082, -485, -754, -167
84083, -336, -736, -194
84084, -219, -713, -222
84086, -150, -672, -255
84087, -89, -624, -282
84088, 24, -599, -297
84089, 167, -576, -306
84091, 316, -554, -318
84092, 431, -535, -332
84093, 519, -518, -347
84095, 611, -514, -358
84096, 705, -517, -375
84097, 796, -528, -400
84099, 855, -543, -427
84100, 879, -558, -455
84101, 892, -568, -477
84103, 920, -571, -491
84104, 965, -583, -497
84105, 1000, -596, -494
84107, 1015, -605, -484
84108, 1024, -607, -458
84109, 1030, -609, -424
84110, 1024, -621, -384
84112, 1009, -613, -336
84113, 1001, -599, -291
84114, 987, -585, -246
84116, 964, -569, -195
84117, 940, -543, -147
84118, 916, -522, -101
84120, 890, -498, -58
84121, 869, -469, -15
84122, 839, -434, 27
84124, 808, -400, 56
84125, 780, -367, 71
84126, 752, -331, 75
84128, 732, -290, 72
84129, 708, -259, 67
84130, 671, -228, 59
84132, 628, -193, 44
84133, 582, -160, 27
84134, 550, -122, 17
84135, 517, -80, 11
84137, 481, -37, 10
84138, 453, 20, 8
84139, 438, 74, 8
84141, 417, 121, 17
84142, 382, 166, 34
84143, 348, 213, 55
84145, 324, 265, 81
84146, 307, 320, 103
84147, 289, 375, 124
84149, 259, 430, 149
84150, 239, 479, 173
84151, 225, 527, 192
84153, 199, 576, 208
84154, 179, 627, 221
84155, 167, 684, 234
84156, 166, 726, 243
84158, 171, 764, 253
84159, 170, 805, 262
84160, 179, 843, 270
84162, 209, 884, 291
84163, 253, 918, 318
84164, 300, 951, 343
84166, 339, 988, 366
84167, 370, 1035, 385
84168, 396, 1080, 405
84170, 421, 1109, 421
84171, 461, 1131, 430
84172, 508, 1144, 437
84174, 541, 1157, 439
84175, 547, 1176, 443
84176, 552, 1180, 444
84177, 571, 1181, 442
84179, 603, 1184, 433
84180, 620, 1185, 417
84181, 602, 1181, 407
84183, 587, 1177, 389
84184, 586, 1186, 368
84185, 600, 1184, 353
84187, 607, 1175, 346
84188, 599, 1164, 348
84189, 586, 1161, 354
84191, 596, 1160, 361
84192, 607, 1159, 376
84193, 618, 1162, 398
84195, 625, 1165, 427
84196, 652, 1170, 455
84197, 694, 1182, 480
84198, 734, 1181, 511
84200, 761, 1171, 540
84201, 783, 1179, 570
84202, 810, 1182, 598
84204, 848, 1177, 619
84205, 886, 1172, 635
84206, 922, 1171, 653
84208, 954, 1168, 670
84209, 1001, 1160, 676
84210, 1060, 1153, 677
84212, 1124, 1139, 674
84213, 1190, 1120, 664
84214, 1252, 1098, 652
84216, 1318, 1074, 635
84217, 1377, 1054, 610
84218, 1432, 1025, 584
84219, 1487, 994, 560
84221, 1528, 972, 540
84222, 1563, 955, 518
84223, 1608, 937, 502
84225, 1658, 918, 494
84226, 1710, 892, 500
84227, 1761, 864, 517
84229, 1801, 859, 541
84230, 1829, 868, 572
84231, 1865, 859, 609
84233, 1913, 844, 657
84234, 1965, 844, 704
84235, 2002, 853, 750
84237, 2014, 856, 795
84238, 2039, 857, 832
84239, 2069, 859, 870
84241, 2098, 856, 904
84242, 2108, 852, 937
84243, 2108, 856, 962
84244, 2091, 856, 986
84246, 2084, 860, 1011
84247, 2081, 856, 1041
84248, 2082, 850, 1063
84250, 2085, 852, 1078
84251, 2069, 849, 1087
84252, 2048, 846, 1090
84254, 2017, 840, 1098
84255, 1999, 831, 1109
84256, 1981, 832, 1115
84258, 1957, 834, 1124
84259, 1941, 839, 1140
84260, 1926, 848, 1156
84262, 1919, 857, 1171
84263, 1914, 862, 1185
84264, 1910, 875, 1202
84265, 1903, 887, 1217
84267, 1901, 905, 1230
84268, 1900, 923, 1245
84269, 1908, 942, 1258
84271, 1929, 958, 1273
84272, 1952, 984, 1296
84273, 1974, 1011, 1320
84275, 1995, 1042, 1343
84276, 2013, 1079, 1365
84277, 2035, 1112, 1389
84279, 2059, 1145, 1417
84280, 2086, 1172, 1450
84281, 2120, 1206, 1484
84283, 2135, 1267, 1536
84284, 2063, 1333, 1614
84285, 2049, 1369, 1708
84286, 2141, 1385, 1808
84288, 2264, 1427, 1895
84289, 2331, 1482, 1966
84290, 2348, 1524, 2027
84292, 2386, 1554, 2058
84293, 2477, 1566, 2067
84294, 2584, 1566, 2049
84296, 2669, 1556, 2003
84297, 2723, 1528, 1940
84298, 2771, 1490, 1861
84300, 2820, 1445, 1778
84301, 2875, 1396, 1688
84302, 2923, 1352, 1590
84304, 2951, 1306, 1498
84305, 2980, 1253, 1423
84306, 3013, 1202, 1363
84307, 3053, 1154, 1310
84309, 3102, 1104, 1274
84310, 3140, 1066, 1242
84311, 3171, 1033, 1225
84313, 3197, 999, 1221
84314, 3230, 957, 1234
84315, 3270, 898, 1257
84317, 3303, 835, 1288
84318, 3345, 786, 1323
84319, 3401, 728, 1364
84321, 3462, 667, 1404
84322, 3509, 618, 1441
84323, 3540, 576, 1471
84325, 3581, 535, 1491
84326, 3624, 488, 1501
84327, 3667, 424, 1501
84328, 3709, 350, 1487
84330, 3740, 273, 1458
84331, 3764, 198, 1421
84332, 3782, 121, 1377
84334, 3796, 42, 1325
84335, 3798, -32, 1266
84336, 3783, -101, 1199
84338, 3771, -162, 1126
84339, 3763, -225, 1058
84340, 3744, -287, 990
84342, 3727, -343, 925
84343, 3708, -399, 865
84344, 3697, -441, 809
84346, 3673, -476, 764
84347, 3642, -505, 722
84348, 3621, -531, 686
84350, 3597, -549, 652
84351, 3565, -559, 621
84352, 3552, -571, 590
84353, 3557, -580, 555
84355, 3549, -579, 519
84356, 3535, -575, 480
84357, 3508, -567, 435
84359, 3478, -556, 389
84360, 3456, -548, 336
84361, 3435, -540, 269
84363, 3416, -530, 192
84364, 3388, -509, 114
84365, 3332, -480, 35
84367, 3279, -433, -61
84368, 3201, -368, -152
84369, 3130, -314, -225
84371, 3071, -280, -291
84372, 3015, -245, -344
84373, 2967, -206, -389
84374, 2922, -170, -426
84376, 2885, -134, -457
84377, 2850, -89, -482
84378, 2800, -26, -499
84380, 2735, 31, -519
84381, 2664, 79, -541
84382, 2594, 113, -563
84384, 2522, 142, -578
84385, 2436, 190, -596
84386, 2349, 262, -620
84388, 2251, 312, -640
84389, 2145, 316, -655
84390, 2033, 327, -669
84392, 1914, 345, -676
84393, 1801, 364, -674
84394, 1687, 390, -676
84395, 1564, 416, -680
84397, 1432, 423, -679
84398, 1300, 414, -668
84399, 1162, 402, -660
84401, 1022, 411, -656
84402, 879, 440, -652
84403, 729, 448, -648
84405, 575, 426, -646
84406, 423, 396, -646
84407, 281, 391, -652
84409, 127, 383, -653
84410, -40, 360, -648
84411, -208, 329, -640
84413, -359, 304, -628
84414, -505, 294, -621
84415, -655, 295, -605
84416, -800, 291, -587
84418, -939, 278, -564
84419, -1079, 265, -542
84420, -1222, 270, -517
84422, -1367, 284, -498
84423, -1514, 282, -480
84424, -1662, 264, -460
84426, -1805, 248, -445
84427, -1945, 250, -433
84428, -2091, 255, -423
84430, -2227, 265, -413
84431, -2362, 272, -397
84432, -2494, 273, -381
84434, -2624, 285, -365
84435, -2743, 301, -342
84436, -2849, 327, -312
84437, -2952, 357, -275
84439, -3039, 384, -239
84440, -3118, 417, -198
84441, -3192, 448, -162
84443, -3257, 476, -131
84444, -3321, 507, -103
84445, -3377, 538, -78
84447, -3427, 570, -63
84448, -3472, 604, -58
84449, -3514, 636, -55
84451, -3543, 664, -55
84452, -3575, 687, -62
84453, -3593, 714, -70
84455, -3595, 734, -80
84456, -3593, 750, -88
84457, -3580, 756, -93
84459, -3529, 733, -95
84460, -3442, 682, -94
84461, -3420, 671, -97
84462, -3486, 715, -118
84464, -3548, 759, -140
84465, -3522, 760, -152
84466, -3434, 733, -168
84468, -3373, 699, -176
84469, -3330, 662, -185
84470, -3287, 638, -194
84472, -3250, 627, -205
84473, -3205, 612, -215
84474, -3140, 598, -224
84476, -3038, 571, -234
84477, -2906, 528, -241
84478, -2778, 476, -253
84480, -2668, 424, -271
84481, -2569, 369, -298
84482, -2454, 309, -340
84483, -2332, 238, -389
84485, -2227, 166, -453
84486, -2152, 98, -538
84487, -2080, 22, -629
84489, -1995, -70, -721
84490, -1916, -161, -814
84491, -1852, -267, -908
84493, -1791, -365, -1001
84494, -1730, -456, -1086
84495, -1675, -546, -1155
84497, -1627, -628, -1215
84498, -1581, -707, -1266
84499, -1530, -781, -1307
84501, -1480, -851, -1339
84502, -1443, -911, -1367
84503, -1425, -971, -1387
84504, -1420, -1030, -1402
84506, -1408, -1081, -1401
84507, -1393, -1125, -1396
84508, -1385, -1162, -1382
84510, -1392, -1191, -1365
84511, -1411, -1217, -1343
84512, -1428, -1240, -1318
84514, -1447, -1264, -1290
84515, -1464, -1277, -1256
84516, -1491, -1286, -1226
84518, -1525, -1293, -1191
84519, -1560, -1294, -1161
84520, -1604, -1293, -1135
84522, -1651, -1292, -1105
84523, -1701, -1295, -1079
84524, -1749, -1304, -1058
84525, -1796, -1315, -1045
84527, -1870, -1325, -1034
84528, -1976, -1319, -1024
84529, -2109, -1299, -1020
84531, -2231, -1282, -1013
84532, -2330, -1267, -1000
84533, -2423, -1261, -975
84535, -2515, -1254, -941
84536, -2603, -1231, -894
84537, -2681, -1202, -843
84539, -2734, -1172, -785